RMSE 0.148773636887498
Av. abs error 0.107009589283384
Pearson Correlation 0.173448611353373
Spearman Correlation 0.218164769503293
Orness 0.51185739792721
i Shapley i
1 0.352213952828259
2 0.18903689780442
3 0.169736865547706
4 0.0809549684765601
5 0.208057315343056
binary number fm.weights
1 0.299697747669363
2 0
3 0.299697747669363
4 0
5 0.299697747669363
6 0.358398217239085
7 0.988417633145976
8 0
9 0.604296246502146
10 0.358398217239085
11 0.806500783550748
12 0
13 0.604296246502146
14 0.358398217239085
15 0.988417633145976
16 0.128489638450725
17 0.806500783550747
18 0.128489638450725
19 0.806500783550747
20 0.327521480968709
21 0.836616523182597
22 0.931272647813381
23 1
24 0.201391501864346
25 0.806500783550748
26 0.479951601806053
27 0.806500783550747
28 0.489459167967781
29 0.836616523182597
30 0.931272647813381
31 1
