RMSE 0.0413345163780404
Av. abs error 0.0279791927545262
Pearson Correlation 0.207107723501775
Spearman Correlation 0.286837020738154
Orness 0.251858285757355
i Shapley i
1 0.496283448289712
2 1.98044231002393e-08
3 0.00743306381172896
4 0
5 0.496283468094136
binary number fm.weights
1 0
2 3.96088462005639e-08
3 3.96088462005639e-08
4 0.00743306381172893
5 0.00743306381172893
6 0.00743310342057513
7 0.00743310342057513
8 0
9 0
10 3.96088462005639e-08
11 3.96088462005639e-08
12 0.00743306381172893
13 0.00743306381172893
14 0.00743310342057513
15 0.00743310342057513
16 3.96088462005639e-08
17 0.992566936188271
18 3.96088462005639e-08
19 0.992566936188271
20 0.00743310342057513
21 1
22 0.00743310342057513
23 1
24 3.96088462005639e-08
25 0.992566936188271
26 3.96088462005639e-08
27 0.992566936188271
28 0.00743310342057513
29 1
30 0.00743310342057513
31 1
