0.554093726447681 0.179582525633976 0.738118660401771 0.322943464587202 0.755641365134274 0.450248464679529 0.555428389251247
0.000251188643150958 0.54428056482362 1.99526231496888e-06 0.798162614672635 0.923341663332614 0.623043223490324 0.328524638465996
0.425691431017635 0.325730560480608 0.49905906983655 0.502904548376697 0.367062648943639 0.623043223490324 0.395738821570733
0.565588788709332 0.1639076193362 0.554678468973188 0.431941811948093 0.509988184131663 0.450248464679529 0.470107714157432
0.462789200576815 0.356779923253063 0.425318084563378 0.569217994509309 0.477615097196911 0.450248464679529 0.447326375485991
0.478983705613765 0.289218699131621 0.49905906983655 0.542267100765552 0.501434551372371 0.556474063459738 0.45828371193972
0.340623489339577 0.452109757210642 0.397143695417725 0.613880374307184 0.601869521054554 0.406846652259058 0.449800604470788
0.406918618901491 0.353396176228096 0.637568466857021 0.362931899740694 0.818594269154796 0.450248464679529 0.496976655804848
0.654085926626034 0.293865694192787 0.711684186152425 0.616388400883835 0.626305731661055 0.636744580077861 0.580316184367001
0.743230975810572 0.266112176525996 0.793562116158866 0.622201149073356 0.494989093321918 0.511579780469724 0.570740521166925
0.481421972118981 0.249321666007173 0.564842682011626 0.260675271108695 0.719591844404687 0.483822726195713 0.490706355509987
0.500640536429868 0.392444152553002 0.574074524581346 0.68263250155658 0.713972904786848 0.342119013093458 0.544795544896528
0.379999547751624 0.264158064485781 0.411869656911389 0.460745720306434 0.814352857620488 0.511579780469724 0.43195015760777
0.406918618901491 0.381134427666633 0.646742116110474 0.378876620010219 0.815412620217105 0.511579780469724 0.502925667157559
0.349739190312459 0.250560842613508 0.378302579637878 0.367624739599522 0.462672062806082 0.406846652259058 0.356627159484558
0.539183794244982 0.309304637807777 0.59159362881107 0.592278131924699 0.241807755319419 0.450248464679529 0.447437975537376
0.340623489339577 0.394911504230866 0.425318084563378 0.53638707640813 0.605760607106509 0.556474063459738 0.437345343177875
0.67330044539188 0.356900890512969 0.327492595710811 0.798162614672635 0.338696758969541 0.450248464679529 0.542409471919918
0.513701983347541 0.479284066998374 0.508350722896249 0.551669071564969 0.510219936370265 0.608373204556172 0.507213421646129
0.637856431402032 0.24146498400496 0.634815021362981 0.4825525159794 0.51068353108184 0.406846652259058 0.504811100627232
0.539183794244982 0.448687946297467 0.626244712165844 0.777492057166448 0.430987659446422 0.849406133548176 0.503169236320449
0.516287733432929 0.666587176456234 0.613990673578409 0.79266712868939 0.315025585963126 0.450248464679529 0.567823693838684
0.516287733432929 0.260404537393504 0.49905906983655 0.4825525159794 0.450547494712866 0.592557900619111 0.448932160162232
0.397773729520406 0.559988730922035 0.49905906983655 0.626320084208181 0.388329958806296 0.450248464679529 0.455801915615289
0.290049376644102 0.381379585965588 0.49905906983655 0.573156942730999 0.288695841841033 0.511579780469724 0.322766283708356
0.30788526641663 0.633854205211664 0.254478564204823 0.902201885266432 0.735494497755929 0.450248464679529 0.474469916864623
0.615854876982508 0.49822065046389 0.600803201738267 0.860183189179972 0.570043660237551 0.406846652259058 0.585992513511914
0.565588788709332 0.495894023556745 0.440927742639706 0.76100187096803 3.98107170553496e-09 0.661762052932877 0.522267389425465
0.800022609932234 0.717794746732627 0.964117619840299 0.872470854390902 0.218912960573582 0.535437049122168 0.761706503957956
0.579050805815575 0.278094039752991 0.832220494190826 0.330809702538973 0.634183729596181 0.450248464679529 0.547936659851307
0.447912575714131 0.361503707886838 0.508350722896249 0.605445255998303 0.516256035606182 0.342119013093458 0.464968862493287
0.397773729520406 0.331561162318811 0.626244712165844 0.44715146387134 0.422179320288336 0.556474063459738 0.398901230233036
0.376824047048504 0.521997114527302 0.527834336318392 0.626320084208181 0.44385153238805 0.483822726195713 0.467252148120754
0.52322655751158 0.345806449274397 0.629306241205779 0.373866646469729 0.734979960980956 0.592557900619111 0.542560396522341
0.413538671619737 0.342323888264247 0.558067620522232 0.518016137490894 0.485822773242269 0.483822726195713 0.437283468951782
0.370418861997369 0.420752856106977 0.589136472583641 0.617916072511516 0.261885252613199 0.511579780469724 0.387201399672896
0.551627433249539 0.612082781681164 0.574074524581346 0.821656032942717 0.305375308894607 0.483822726195713 0.570442339907139
0.603783909188092 0.417380036612717 0.583298559728777 0.661850279031562 0.138132833625246 0.623043223490324 0.526788853595519
0.658485628232476 0.54559713061676 0.461799356634824 1.00000049999988 0.424816362293884 0.623043223490324 0.59717207178569
0.343679949370593 0.370378856319694 0.39996575376906 0.499827408205438 1.00000140000028 0.764987967474263 0.467403953280896
0.416822320280401 0.587189221818332 0.126236590481176 0.927220138774993 0.402985378058466 0.483822726195713 0.421653403040657
0.109128512839311 0.491892171413575 0.0230122874394485 0.746216686399719 0.772287720566645 0.342119013093458 0.330741775534859
0.258564134657704 0.355570702056319 0.107168971574857 0.542267100765552 0.636651365627193 0.813686343790921 0.325554214831865
0.731950884305018 0.415758025888988 0.955135893870515 0.67378615567152 0.40471970951618 0.483822726195713 0.588987444544119
0.46000689589893 0.370256988796575 0.402786764513827 0.574799524116602 0.136221927970161 0.556474063459738 0.421781840851249
0.84487741859547 0.250560842613508 0.78357960037914 0.681375769691939 0.431871346497848 0.450248464679529 0.602023868328196
0.539183794244982 0.404563566058732 0.600803201738267 0.620684024270223 0.365797542079903 0.636744580077861 0.48546506234375
0.578367292749957 0.446156629982954 0.49905906983655 0.784679463773299 0.17583298391611 0.450248464679529 0.522920049602551
0.359685498760175 0.349536958356562 0.458687396505996 0.464082067704946 0.865122729617734 0.483822726195713 0.459100792030346
0.530865118474821 0.38997989951103 0.472061041003842 0.638114663683671 0.473980096289766 0.483822726195713 0.494573463706
0.349739190312459 0.448687946297467 0.378302579637878 0.612342634507513 0.55574188297412 0.406846652259058 0.431680816079844
0.837980654474516 0.00795343535628272 0.757229701257779 0.29723810253589 0.817003002176073 0.483822726195713 0.689304509009285
0.0829704982456894 0.502491777822578 0.0230122874394485 0.759536304044314 0.801666492992817 0.0316227766016838 0.329898417487293
0.148266591651513 0.267579647390757 0.14713658998226 0.502904548376697 0.622377302502675 0.450248464679529 0.268055875650347
0.500640536429868 0.446156629982954 0.675137403185905 0.612342634507513 0.617476713140616 0.450248464679529 0.54809390338664
0.400837467912424 0.287943379052153 0.330976640417781 0.498281712087715 0.484908837948759 0.342119013093458 0.397219788146417
0.442212618025083 0.443501835889555 0.59159362881107 0.570458880390289 0.517186464538714 0.450248464679529 0.47947884838997
0.508504260750827 0.717683456680226 0.583298559728777 0.678602767217639 0.374679413493809 0.661762052932877 0.567917253748448
0.631106529651708 0.312481940704816 0.702556950013941 0.627072287574968 0.272287324411245 0.556474063459738 0.50333121097674
0.330300201976383 0.374038604340516 0.481379660413866 0.437266565250428 0.663974932297434 0.406846652259058 0.439889671621595
0.629072161715018 0.29876090470262 0.527834336318392 0.656780359395374 0.370442358813289 0.450248464679529 0.515019812744465
0.631106529651708 0.51417716658171 0.472061041003842 0.924720966331472 0.634183729596181 0.483822726195713 0.600951074136911
0.65187866328508 0.214919803830367 0.738118660401771 0.373866646469729 0.537776313278993 0.450248464679529 0.519223111552751
0.319757156683282 0.398494644381519 0.49905906983655 0.419254475423806 0.759793230589074 0.511579780469724 0.462883671960316
0.46000689589893 0.18487016245877 0.425318084563378 0.350436530668828 0.535895040690694 0.483822726195713 0.423760260865964
0.601280433286681 0.313778255901359 0.490688794573408 0.702434491402012 0.485822773242269 0.575364115859034 0.527484172426498
0.473808866256352 0.309304637807777 0.683369316980474 0.319742787455558 0.70633103859375 0.511579780469724 0.51851748594319
0.539183794244982 0.532905832994008 0.748132411440653 0.592567484838508 0.644070670015554 0.661762052932877 0.581155615373221
0.52322655751158 0.148324200234647 0.564842682011626 0.189009986495617 0.758754654971448 0.450248464679529 0.500519560937942
0.637856431402032 0.565023525304438 0.594664319191369 0.846017140765149 0.339521696895785 0.886079297082096 0.606424332178175
0.406918618901491 0.45350531688582 0.358466040289591 0.727489409727563 0.0345060308459725 0.483822726195713 0.410487448734372
0.497736481612409 0.340165852705492 0.444046153596812 0.413697951392059 0.657985495698957 0.608373204556172 0.490965458360091
0.263041003130062 0.382237888172428 0.613990673578409 0.381356926139141 0.262268444886124 0.608373204556172 0.305752006176701
0.376824047048504 0.392444152553002 0.58952043874386 0.518946001112999 0.313814617956742 0.483822726195713 0.381692466691399
0.395002852807771 0.389856768408149 0.446851738072165 0.556772485215574 0.59798560917249 0.483822726195713 0.446972543638044
0.389421824916731 0.324424500735154 0.583298559728777 0.280320515567257 0.561926569296392 0.483822726195713 0.435301345461472
0.389421824916731 0.398494644381519 0.472061041003842 0.460745720306434 0.669979845532906 0.450248464679529 0.457476979579135
0.590252258694187 0.392444152553002 0.610925161575807 0.6354226457185 0.376378084742346 0.575364115859034 0.511792765530534
0.397773729520406 0.30801204643942 0.534011635388541 0.413697951392059 0.783791986032112 0.0316227766016838 0.462401912951103
0.539183794244982 0.459732319845783 0.367919026843226 0.777492057166448 0.253875360915406 0.483822726195713 0.488657851772506
0.528327116597379 0.480310840361424 0.600803201738267 0.776278485488932 0.122136551385957 0.832121077017972 0.505178389849228
0.716085593877977 0.547019735665345 0.919164042300769 0.789742272344451 0.501434551372371 0.511579780469724 0.648657614867313
0.568014473626591 0.394294376452073 0.518561233364218 0.630004101621131 0.348633706468989 0.535437049122168 0.498743920486077
0.603609472790747 0.342563838350157 0.610925161575807 0.596460010616588 0.405587672760022 0.450248464679529 0.512776734610229
0.46000689589893 0.538757951217388 0.153737826747821 0.875882858727023 0.679519131313949 0.592557900619111 0.466888871603403
0.286623552444463 0.506380933351269 0.235175839027437 0.69593749261209 0.453233885105868 0.406846652259058 0.375681163591114
0.491894195153357 0.23800176842577 0.508350722896249 0.448873261661445 0.167682545918529 0.535437049122168 0.377509434120581
0.233163000119438 0.385060736372194 0.446851738072165 0.270042136852974 0.796397339041787 0.661762052932877 0.439772075434343
0.450744484135334 0.476590880601402 0.554678468973188 0.561371693503926 0.495448692447114 0.0316227766016838 0.484044655104418
0.573326836226516 0.343403928311716 0.613990673578409 0.664693174105168 0.769679903381392 0.556474063459738 0.579365279744251
0.397773729520406 0.240458504138078 0.390868662275822 0.360562575971603 0.447865673012858 0.450248464679529 0.378299365542489
0.296821445118089 0.429773450012165 0.548513576845651 0.531249168688007 0.454578789926286 0.406846652259058 0.432777211783416
0.359685498760175 0.547968550393619 0.452460132989603 0.634477741005325 0.434968319003574 0.832121077017972 0.4702934115809
0.330300201976383 0.557077977450111 0.481379660413866 0.601183316498813 0.399090925988502 0.450248464679529 0.450985399262849
0.58314064902367 0.313778255901359 0.732913894568419 0.451565679854535 0.614541679029212 0.511579780469724 0.549415796562848
0.370418861997369 0.656117820038418 0.30241202183236 0.938521046884248 0.481713940676778 0.406846652259058 0.473181882440355
0.539183794244982 0.278817607011477 0.472061041003842 0.595165330704367 0.593140838377034 0.948161730022005 0.505489300123012
0.397773729520406 0.395775807215407 0.652792969012064 0.391733999997782 0.707857531334894 0.342119013093458 0.488046806725933
0.468320642078626 0.571927800874685 0.656825229907692 0.67378615567152 0.382340678201183 0.450248464679529 0.504457411600616
0.516287733432929 0.331561162318811 0.461799356634824 0.662238665174112 0.580116413448287 0.982418720771548 0.497320059945444
0.476537136187645 0.3873957815637 0.530923458704546 0.667267113694531 0.382340678201183 0.535437049122168 0.441205017509437
0.319757156683282 0.448687946297467 0.310995745561189 0.760776582897517 0.381060726883608 0.406846652259058 0.371722052085007
0.516287733432929 0.209359933146402 0.508350722896249 0.462416902992307 0.546265291722681 0.450248464679529 0.469753578973706
0.46000689589893 0.325730560480608 0.367919026843226 0.498281712087715 0.622377302502675 0.740926819699252 0.45894828733784
0.903038063062769 0.0679090595121798 0.865065976435836 0.486091880197845 0.438515445233006 0.535437049122168 0.531672578378367
0.575970743063088 0.364017716964467 0.768366054443237 0.552949340775715 0.629748893356927 0.450248464679529 0.558954620165121
0.478712276395069 0.519257448669408 0.545429765240083 0.650090807450114 0.407325191838849 0.483822726195713 0.492416762453874
0.675676545564417 0.119501574456707 0.735841813832539 0.306606140465106 0.755641365134274 0.623043223490324 0.607056200020322
0.554093726447681 0.477744731651491 0.48448374906775 0.806813807511852 0.100836876271373 0.406846652259058 0.519516657579864
0.633361823388397 0.232659229676661 0.738118660401771 0.392215054707293 0.535895040690694 0.450248464679529 0.515561894838757
0.397773729520406 0.38248318822731 0.580224740324143 0.601183316498813 0.905817070548597 0.0316227766016838 0.527940987714896
0.649666406116076 0.800676568837819 0.78357960037914 0.864357986086727 0.474888102453041 0.483822726195713 0.701763832789383
0.624990205982168 0.537313416750891 0.490688794573408 0.949416698474415 0.666975458075083 0.342119013093458 0.607458461081689
0.59237461894589 0.491892171413575 0.729009043912078 0.583824518275105 0.374679413493809 0.684226319856064 0.548651388305312
0.590252258694187 0.617207632563124 0.49905906983655 0.970841228593413 0.5757933477952 0.406846652259058 0.582267206044365
0.340623489339577 0.651543666896526 0.604178178289782 0.634207509652477 0.446080335819058 0.535437049122168 0.506257009706697
0.453845947009394 0.370378856319694 0.554678468973188 0.448873261661445 0.815942649155638 0.483822726195713 0.506803360507837
0.483852033496183 0.305128618606015 0.387729161558503 0.480874923328419 0.109694300026405 0.511579780469724 0.409960092124573
0.568014473626591 0.54559713061676 0.437808170471241 0.911558417817323 0.46132035258255 0.406846652259058 0.538286767524114
0.473535463345819 0.273187069405346 0.524744262110839 0.469772458542906 0.915662850465786 0.575364115859034 0.507802815860584
0.494821086692797 0.51417716658171 0.320518627278387 0.843277346008733 0.682035864112463 0.342119013093458 0.504188994115012
0.675201771593545 0.49822065046389 0.81984823343023 0.754100306592137 0.302976187936554 0.779848999939171 0.602908284673073
0.573326836226516 0.575785528190677 0.610925161575807 0.731952712520822 0.403852277785987 0.854940006104253 0.572245110534929
0.645226750671261 0.484422319998133 0.545429765240083 0.847333141641458 0.766553852208218 0.483822726195713 0.640382750866329
0.425691431017635 0.243480460888648 0.444046153596812 0.411204284749382 0.631226183949703 0.556474063459738 0.42598342955083
0.516287733432929 0.366361472264548 0.583298559728777 0.568803764309113 0.427898832125606 0.608373204556172 0.471257725609806
0.726742941604358 0.143811725879024 0.828902063276084 0.371797654578697 0.654001165811367 0.556474063459738 0.592445187646326
0.590252258694187 0.206211509399003 0.481379660413866 0.573156942730999 0.601869521054554 0.535437049122168 0.525720264852397
0.85044195238558 0.289473898327936 0.902051595399003 0.710924442763077 0.503742265429749 0.886079297082096 0.635746850139641
0.716085593877977 0.388748938641111 0.856936151600288 0.679990681994509 0.55716738177107 0.535437049122168 0.614689814074153
0.442212618025083 0.485579934804555 0.397143695417725 0.716927141771434 0.216732154183288 0.592557900619111 0.446944993179275
0.340623489339577 0.381379585965588 0.574074524581346 0.476655111066981 0.350714207086132 0.483822726195713 0.361011115895107
0.678047088173974 0.452109757210642 0.786907845216525 0.73801664966908 0.600412212308339 0.575364115859034 0.623096505657183
0.52322655751158 0.46776330198683 0.620119285987636 0.626320084208181 0.356976866723208 0.450248464679529 0.499996369983553
0.500640536429868 0.569004714841864 0.588829290172533 0.826751583304147 0.409064831134511 0.406846652259058 0.524081472682095
0.539183794244982 0.191255441227112 0.564842682011626 0.376379969268354 0.896546265298676 0.406846652259058 0.533362360656273
0.590252258694187 0.312717554522601 0.472061041003842 0.670981787924799 0.485822773242269 0.608373204556172 0.520232142090381
0.468320642078626 0.352189260601501 0.49905906983655 0.573493308024445 0.565742233333694 0.636744580077861 0.477821320926072
0.434439020792135 0.581381753003075 0.367919026843226 0.903056485038785 0.537776313278993 0.483822726195713 0.486792464999217
0.491894195153357 0.380031605739553 0.679254016422906 0.574501222272892 0.600897869729503 0.483822726195713 0.52269593219895
0.666573863536315 0.226788564567192 0.738118660401771 0.41095408585057 0.599441234143175 0.608373204556172 0.55867544316681
0.434439020792135 0.337771243221784 0.545429765240083 0.381356926139141 0.676000175802733 0.535437049122168 0.471773901037449
0.536420463801542 0.309304637807777 0.554678468973188 0.656780359395374 0.755641365134274 0.772525683232774 0.541515106470069
0.516287733432929 0.430526889356941 0.340468839593092 0.724892831677836 0.123989084527294 0.535437049122168 0.462418335525022
0.434439020792135 0.337771243221784 0.656825229907692 0.250275048151915 0.58734200657523 0.483822726195713 0.468724115544696
0.296821445118089 0.399855457073427 0.244837216302213 0.565933526345457 0.55716738177107 0.890961453576841 0.367895161428996
0.462789200576815 0.164736328313985 0.490688794573408 0.244032893157542 0.374679413493809 0.535437049122168 0.366784487039761
0.319757156683282 0.283661966821923 0.418440335177557 0.33313335570943 0.609171176904945 0.406846652259058 0.372853707460581
0.508504260750827 0.391211637971625 0.48448374906775 0.561371693503926 0.652011595958584 0.535437049122168 0.510910528737924
0.465560398083116 0.270666574895358 0.465221238730087 0.478628986617194 0.975369889948382 0.511579780469724 0.50016571535053
0.296821445118089 0.347129261652337 0.272744890673633 0.573156942730999 0.490399814220792 0.483822726195713 0.345161439581962
0.46000689589893 0.506380933351269 0.254478564204823 0.916341165532792 0.775420425172606 0.0316227766016838 0.496676885634181
0.476537136187645 0.457442876523002 0.583298559728777 0.620684024270223 0.505128346016608 0.483822726195713 0.487411679430458
0.500376995999622 0.473772708408521 0.637568466857021 0.617638595083267 0.672988087239815 0.406846652259058 0.564503575052694
0.508504260750827 0.370378856319694 0.583298559728777 0.573156942730999 0.432313383899303 0.608373204556172 0.468236166347386
0.236653975430864 0.267579647390757 0.283290485213418 0.556772485215574 0.743224876089141 0.450248464679529 0.352178172456035
0.51110752694441 0.525915914526748 0.444046153596812 0.879106147165173 0.570043660237551 0.406846652259058 0.514125466070533
0.530865118474821 0.392444152553002 0.461799356634824 0.622201149073356 0.524647090839251 0.511579780469724 0.504912139897637
0.249451339637163 0.370378856319694 0.235175839027437 0.617638595083267 0.586377118619004 0.342119013093458 0.348228611233516
0.573086078078976 0.413265095184386 0.537098872413247 0.668678557262124 0.46132035258255 0.870927083748245 0.521008525954562
0.738477121042631 0.416880821874766 0.774498776187672 0.740335707976457 0.378504507560209 0.511579780469724 0.610775769799991
0.359685498760175 0.392444152553002 0.554986618600864 0.590974290611621 0.205207438627142 0.483822726195713 0.369636920315318
0.450744484135334 0.457442876523002 0.521653229884868 0.686264009612862 0.459969773022825 0.592557900619111 0.458219326408635
0.196568055273255 0.383587427715688 0.425318084563378 0.394611531842356 0.873218760146999 0.450248464679529 0.443737581763753
0.416822320280401 0.31637409959543 0.434687427942746 0.531410480229275 0.186174645594491 0.406846652259058 0.375566564482745
0.43153630259745 0.278817607011477 0.340468839593092 0.505708812127943 0.480346547815897 0.483822726195713 0.413671995723733
0.500640536429868 0.542964635653813 0.64093293969315 0.805857150244055 0.438959414347336 0.511579780469724 0.515095004754052
0.563851902283532 0.300262663489488 0.472061041003842 0.46199967405283 0.315025585963126 0.450248464679529 0.431954341522928
0.296821445118089 0.331561162318811 0.494874863626072 0.444989848088589 0.48262615260929 0.450248464679529 0.397019001895257
0.568014473626591 0.511315782736807 0.378302579637878 0.719314195553501 0.267264470858641 0.535437049122168 0.518554554135382
0.30422717284852 0.558797601479607 0.620119285987636 0.523798512283995 0.654001165811367 0.450248464679529 0.565739289388927
0.332900998327953 0.544609646624542 0.508350722896249 0.623577150452385 0.446972749732025 0.483822726195713 0.474125790081767
0.603609472790747 0.45096857601759 0.554678468973188 0.651539461471879 0.46132035258255 0.575364115859034 0.545613824596036
0.428620508839911 0.426010220054526 0.437808170471241 0.722761420271799 0.51998062081434 0.909728801761517 0.449239849186767
0.539183794244982 0.429396829352279 0.505254506426085 0.760776582897517 0.435411259443646 0.511579780469724 0.497137954214703
0.406918618901491 0.633854205211664 0.434687427942746 0.776278485488932 0.386187877649305 0.406846652259058 0.488011817412825
0.359685498760175 0.537313416750891 0.349947128787474 0.827891171845575 0.362009722130724 0.450248464679529 0.421745178157907
0.633361823388397 0.383587427715688 0.665984629281895 0.638114663683671 0.359490777996941 0.623043223490324 0.534246061256052
0.456933344006245 0.330607815862384 0.5679208389721 0.415352078497843 0.523712844250665 0.575364115859034 0.458165560825709
0.340623489339577 0.364720527590275 0.620119285987636 0.289347834659656 0.563356578630129 0.450248464679529 0.428121975566114
0.834236877805101 0.652986418341164 0.973992436068128 0.832722170990906 0.205564852769797 0.608373204556172 0.756871812539385
0.330300201976383 0.3873957815637 0.374213902808061 0.561371693503926 0.293434045674204 0.535437049122168 0.350336158565919
0.692792881804759 0.527092696242088 0.554678468973188 0.9429853124357 0.748391268809992 0.575364115859034 0.672757834342218
0.416822320280401 0.605487074188425 0.349947128787474 0.913249306530382 0.540601750428287 0.406846652259058 0.486544943257358
0.442212618025083 0.553509843040584 0.444046153596812 0.706934740655896 0.334580686391649 0.450248464679529 0.48085471253691
0.590252258694187 0.527092696242088 0.545429765240083 0.875882858727023 0.762911391126497 0.406846652259058 0.613355249235121
0.546672649731169 0.367699626302112 0.702556950013941 0.471775131529177 0.525581812991744 0.450248464679529 0.506107348670125
0.635611775967747 0.50988628975291 0.59159362881107 0.850362293906733 0.324761079957647 0.535437049122168 0.583717541068416
0.286623552444463 0.370256988796575 0.428442394498616 0.429952946554493 0.457272011586078 0.511579780469724 0.396802893560512
0.263041003130062 0.395775807215407 0.49905906983655 0.330809702538973 0.796397339041787 0.483822726195713 0.458685669428313
0.601280433286681 0.683076041941721 0.766321242243529 0.820089841105225 0.528857080362031 0.450248464679529 0.629756999764261
0.413538671619737 0.188909142043001 0.405606735758669 0.309111790074739 0.609171176904945 0.450248464679529 0.401735791839769
0.686087323418048 0.278975937456708 0.769047594830852 0.475394741289383 0.655992466476026 0.807253551009281 0.603413555989176
0.637856431402032 0.573390466091956 0.610925161575807 0.96792347598609 0.601869521054554 0.450248464679529 0.618963268884481
0.210961895434677 0.429773450012165 0.387729161558503 0.523447757157061 0.496828220697526 0.342119013093458 0.40926389997017
0.30788526641663 0.303203777631816 0.272744890673633 0.533181686127191 0.606247496309796 0.450248464679529 0.35584661510827
0.804969524207226 0.694073652093707 0.988346419536164 0.884645983506871 0.234722670628755 0.535437049122168 0.755767239782405
0.486542594891927 0.438453876908034 0.394006836337521 0.79622736242637 0.307779827208004 0.450248464679529 0.457914528308454
0.434439020792135 0.250560842613508 0.414999234047739 0.437854207337717 0.386616022988767 0.714262915828272 0.393286112649094
0.575970743063088 0.497315592320779 0.545429765240083 0.615135665810258 0.446526479077299 0.575364115859034 0.54425834654064
0.491894195153357 0.145184768665155 0.452460132989603 0.240851156423503 0.693140987531781 0.483822726195713 0.459918145251669
0.585517581023832 0.301097623967929 0.537098872413247 0.663531643789278 0.339521696895785 0.661762052932877 0.481898227700902
0.450744484135334 0.327870009010644 0.390868662275822 0.540842708354634 0.628764582609739 0.793905951708126 0.458307687041769
0.379999547751624 0.490473720395031 0.472061041003842 0.610801023338764 0.564310494848407 0.450248464679529 0.489441192201598
0.611253193756664 0.49822065046389 0.600803201738267 0.862173708868495 0.570043660237551 0.342119013093458 0.583211733610944
0.575970743063088 0.112929222792266 0.643684998747486 0.174386862334638 0.751496007309632 0.556474063459738 0.53634788038603
0.465560398083116 0.38248318822731 0.414999234047739 0.636904663678814 0.138132833625246 0.592557900619111 0.429856278865132
0.65187866328508 0.264158064485781 0.656825229907692 0.561371693503926 0.783791986032112 0.450248464679529 0.606465543235161
0.52322655751158 0.448687946297467 0.692509773452706 0.643864389788726 0.613564222719498 0.450248464679529 0.555264778503097
0.434439020792135 0.409780041359224 0.461799356634824 0.620684024270223 0.683547179027318 0.511579780469724 0.48387720407942
0.406918618901491 0.407294338607936 0.4594654904272 0.60225162891444 0.640110651092088 0.450248464679529 0.466424571895785
0.46000689589893 0.499643549147852 0.620119285987636 0.681375769691939 0.34614178101312 0.483822726195713 0.472893774228184
0.476537136187645 0.508717300370578 0.637568466857021 0.659385187734562 0.515791000689795 0.450248464679529 0.509967930366052
0.462789200576815 0.29876090470262 0.610925161575807 0.296263311223349 0.550997766328945 0.592557900619111 0.464879887389719
0.340623489339577 0.500937797113077 0.452460132989603 0.630004101621131 0.609658847542015 0.535437049122168 0.489936324772128
0.224728506003577 0.377338514084955 0.0869011642867191 0.645194191771845 0.628272592241069 0.342119013093458 0.321840432075178
0.179874263365609 0.343403928311716 0.206061975157944 0.586461094126253 0.588790187981463 0.450248464679529 0.319428565567609
0.359685498760175 0.447421930113063 0.539876587260842 0.674930038572078 0.0635401216923193 0.556474063459738 0.387700014944646
0.568014473626591 0.529223446567851 0.757229701257779 0.634477741005325 0.439847737519649 0.450248464679529 0.551629536367376
0.611253193756664 0.533771035042537 0.777526337037936 0.685139049753859 0.318261337415229 0.511579780469724 0.578097100345848
0.483852033496183 0.364173873670707 0.620119285987636 0.32558666124044 0.76031267057741 0.764987967474263 0.526942449287449
0.224728506003577 0.438453876908034 0.349315667126275 0.595165330704367 0.265339735750721 0.535437049122168 0.324592433030814
0.559516235310497 0.418503706372582 0.583298559728777 0.559842822236165 0.75719755288886 0.608373204556172 0.56666344566159
0.601280433286681 0.37623790024069 0.472061041003842 0.799128483320022 0.677005058908206 0.406846652259058 0.57587096031449
0.58314064902367 0.542964635653813 0.378302579637878 0.849353776844614 0.141334505432473 0.406846652259058 0.532636219746492
0.370418861997369 0.588993883323028 0.583298559728777 0.605445255998303 0.372982939748457 0.406846652259058 0.450224654555083
0.363286752348481 0.590465166506364 0.583298559728777 0.605445255998303 0.373830901666389 0.406846652259058 0.450747564514255
0.456933344006245 0.270666574895358 0.349947128787474 0.521643501396146 0.482169985007207 0.450248464679529 0.428360907684833
0.877909235184457 0.468748594992486 0.902051595399003 0.869991739192474 0.477615097196911 0.575364115859034 0.715651044928556
0.834236877805101 0.0116009410721451 0.766321242243529 0.314063123508337 0.816472776484401 0.511579780469724 0.68878352823019
0.266064493885996 0.558069938876925 0.472061041003842 0.520162637216986 0.758235519401615 0.511579780469724 0.511579780469598
0.611253193756664 0.581381753003075 0.583298559728777 0.853280252676018 0.328433633553592 0.556474063459738 0.59650321461358
0.654085926626034 0.497057064748015 0.394006836337521 0.834079701448559 0.17378503087213 0.0316227766016838 0.569458188380902
0.389421824916731 0.259382716903714 0.414999234047739 0.457010102147061 0.818594269154796 0.483822726195713 0.435615131428843
0.528327116597379 0.323119491726027 0.482529445355212 0.691471260868599 0.455027344453232 0.623043223490324 0.477770558031313
0.491894195153357 0.652771914909044 0.490688794573408 0.869991739192474 0.364533684086051 0.483822726195713 0.547858064269382
0.179874263365609 0.388748938641111 0.414999234047739 0.381356926139141 0.873218760146999 0.342119013093458 0.441867532137587
0.563156148374511 0.440724028098253 0.644907937193414 0.753929800116455 0.441625922084382 0.694675498736383 0.514918827092889
0.286623552444463 0.404811666202319 0.425318084563378 0.443687823652711 0.46132035258255 0.511579780469724 0.412691071164038
0.58314064902367 0.54559713061676 0.378302579637878 0.850362293906733 0.142943175883498 0.450248464679529 0.533187154383069
0.453845947009394 0.312481940704816 0.48448374906775 0.346006091337423 0.333348672509893 0.406846652259058 0.369907585859524
0.249451339637163 0.392444152553002 0.26313934578936 0.565478999118774 0.216732154183288 0.450248464679529 0.30032074325511
0.539183794244982 0.330250452558364 0.702556950013941 0.437266565250428 0.484908837948759 0.483822726195713 0.475906295381541
0.319757156683282 0.25360765217558 0.358466040289591 0.373866646469729 0.477615097196911 0.406846652259058 0.344327990741969
0.437040455413778 0.438453876908034 0.349947128787474 0.754100306592137 0.32884242270653 0.450248464679529 0.420450090249202
0.397773729520406 0.297477263647096 0.337306340015009 0.492572663501835 0.648037657742722 0.948161730022005 0.418633264646379
0.447912575714131 0.164839975671346 0.545429765240083 0.337732704177177 0.75719755288886 0.450248464679529 0.460812130931346
0.575970743063088 0.576983807369895 0.676967171692017 0.711526991509844 0.218185332131645 0.575364115859034 0.57218982162017
0.196568055273255 0.40096953877043 0.0756499793134516 0.666110071704316 0.622377302502675 0.0316227766016838 0.315862963798947
0.590252258694187 0.473772708408521 0.490688794573408 0.709355420690112 0.375953211147407 0.556474063459738 0.543027882137653
0.450744484135334 0.220179047901841 0.508350722896249 0.367624739599522 0.435854328663993 0.608373204556172 0.405079097486711
0.437040455413778 0.377338514084955 0.481379660413866 0.448873261661445 0.690107237962865 0.483822726195713 0.470543695001752
0.590252258694187 0.363081058174417 0.729009043912078 0.652984901647034 0.626797281597911 0.450248464679529 0.571023534624304
0.554093726447681 0.221387860279471 0.564842682011626 0.35769867207126 0.853824576689941 0.684226319856064 0.540386778286766
0.290049376644102 0.334185690707764 0.493479715118835 0.439417410908845 0.483082443433136 0.450248464679529 0.396960185039233
0.585517581023832 0.402332035279713 0.30241202183236 0.836132366126766 0.466733963314425 0.535437049122168 0.506718290719966
0.621574951294186 0.433166002692152 0.481379660413866 0.724892831677836 0.245937035861497 0.556474063459738 0.544852268560244
0.450744484135334 0.31637409959543 0.310995745561189 0.460745720306434 0.359490777996941 0.556474063459738 0.405251299317782
0.596604209555808 1.00000125000016 0.646742116110474 0.628953727126286 0.30137978151345 0.592557900619111 0.611154148251243
0.293448434888366 0.273187069405346 0.455574324757171 0.283361578387057 0.483995394546481 0.450248464679529 0.346889587085494
0.530865118474821 0.674821536641481 0.358466040289591 0.970841228593413 0.569086983372912 0.450248464679529 0.553745752603285
0.742739141066499 0.325730560480608 0.865065976435836 0.579403564163027 0.384904255336299 0.483822726195713 0.541722758118144
0.326811079534964 0.37623790024069 0.425318084563378 0.475034021427913 0.474888102453041 0.406846652259058 0.406846652259113
0.624990205982168 0.265297613162149 0.545429765240083 0.630004101621131 0.354468003468838 0.511579780469724 0.503374586645665
0.370418861997369 0.524608996694627 0.461799356634824 0.630004101621131 0.425696418089388 0.483822726195713 0.457347429858475
0.793644026370901 0.274449065618603 0.811695286408406 0.646521258547804 0.480346547815897 0.575364115859034 0.591217417412889
0.508504260750827 0.538396744891811 0.340468839593092 0.905047412985995 0.85221402307128 0.772525683232774 0.553536617030056
0.503270874407871 0.247184170600507 0.711684186152425 0.330809702538973 0.749425773554928 0.342119013093458 0.534539777809189
0.656288235372477 0.407294338607936 0.397143695417725 0.699989878066087 0.0893659995987134 0.575364115859034 0.552231480138467
0.389421824916731 0.361746287735713 0.318139320080022 0.597644336715143 0.577233342945658 0.342119013093458 0.413452359767556
0.637856431402032 0.576470198143751 0.828902063276084 0.786479674723663 0.558118293702045 0.535437049122168 0.613353109998921
0.450744484135334 0.47543758798786 0.480758716462002 0.80052156954632 0.316237885433326 0.608373204556172 0.458036543763725
0.539183794244982 0.37623790024069 0.692509773452706 0.468164152051723 0.526984787109703 0.483822726195713 0.506011251575889
0.620433750765162 0.157513705328237 0.694519819081838 0.393044580612848 0.681532304923742 0.511579780469724 0.564811353196271
0.52322655751158 0.636297695474969 0.5679208389721 0.818520652455895 0.305375308894607 0.483822726195713 0.561227818697764
0.416822320280401 0.620178550615152 0.434687427942746 0.766277073329206 0.390046058682554 0.483822726195713 0.489394698212031
0.442212618025083 0.165980955887438 0.425318084563378 0.306606140465106 0.584448703299126 0.406846652259058 0.414848000458558
0.530865118474821 0.354603916788917 0.702556950013941 0.565478999118774 0.601869521054554 0.406846652259058 0.530927709373121
0.568014473626591 0.367943031817203 0.580224740324143 0.590684157255204 0.752531735837093 0.575364115859034 0.564204707370835
0.637856431402032 0.032018322968202 0.720805265456753 0.001 0.764992190517466 0.786971628851558 0.571717581857164
0.109128512839311 0.398494644381519 0.405606735758669 0.413697951392059 0.899270143210253 0.406846652259058 0.446108852112871
0.565588788709332 0.419378089183738 0.5679208389721 0.777492057166448 0.697191894531522 0.511579780469724 0.56887591168091
0.678047088173974 0.407294338607936 0.847898247569524 0.587774946995925 0.384904255336299 0.450248464679529 0.543153120053229
0.263041003130062 0.370378856319694 0.244837216302213 0.615135665810258 0.583485176576081 0.450248464679529 0.353953361108469
0.468320642078626 0.252817031785972 0.490688794573408 0.464082067704946 0.170387064917637 0.535437049122168 0.380799257086036
0.476537136187645 0.511315782736807 0.320518627278387 0.851369616298607 0.674995719308131 0.450248464679529 0.496003492333199
0.664394331299395 0.524608996694627 0.527834336318392 0.984691289255141 0.595077395295292 0.511579780469724 0.623426913116272
0.647449115349861 0.258361700860008 0.656825229907692 0.561371693503926 0.783791986032112 0.450248464679529 0.603263452300016
0.349739190312459 0.305430118379661 0.330976640417781 0.523447757157061 0.581559486609696 0.0316227766016838 0.384384956288721
0.508504260750827 0.399855457073427 0.452460132989603 0.69593749261209 0.145851842929184 0.649614533699218 0.462569558281361
0.373630605088689 0.364173873670707 0.49905906983655 0.540129103533799 0.487194597610907 0.450248464679529 0.427670468721315
0.55851471676482 0.44211249566692 0.678186872725105 0.814321366454531 0.58734200657523 0.556474063459738 0.553606298457946
0.333764923717123 0.459732319845783 0.358466040289591 0.539414554668369 0.527452682538574 0.608373204556172 0.419009616582946
0.870003332061601 0.0641112473244002 0.856936151600288 0.460745720306434 0.430546009909918 0.511579780469724 0.511579780469569
0.500640536429868 0.388748938641111 0.711684186152425 0.472999846483694 0.604787164099658 0.813686343790921 0.516469555888793
0.442212618025083 0.576983807369895 0.378302579637878 0.889573436367799 0.640110651092088 0.450248464679529 0.507242933742435
0.46000689589893 0.474028767682663 0.414999234047739 0.601183316498813 0.0979322250017774 0.592557900619111 0.452650976030078
0.468320642078626 0.381379585965588 0.49905906983655 0.579403564163027 0.581559486609696 0.450248464679529 0.485618827402373
0.596604209555808 0.599845019475256 0.5679208389721 0.918209952552369 0.509293107954813 0.450248464679529 0.591536452431816
0.615854876982508 0.368916975832792 0.354207932500402 0.861228785653874 0.295811392782831 0.556474063459738 0.514618064111133
0.752821829772944 0.0830644686687105 0.744795282886917 0.280320515567257 0.558593923360419 0.592557900619111 0.539109933810173
0.622714756713185 0.264158064485781 0.545429765240083 0.622201149073356 0.350714207086132 0.483822726195713 0.500784830638251
0.434439020792135 0.595218396985525 0.405606735758669 0.904763262934127 0.141334505432473 0.342119013093458 0.483422140105271
0.340623489339577 0.501067258728484 0.440927742639706 0.595165330704367 0.649030491400972 0.511579780469724 0.488769821036741
0.575970743063088 0.374038604340516 0.444046153596812 0.79622736242637 0.683547179027318 0.483822726195713 0.560670341574064
0.319757156683282 0.448687946297467 0.425318084563378 0.565478999118774 0.736009137396986 0.406846652259058 0.474711645413399
0.811534060561709 0.633854205211664 0.947048539149522 0.844061051989093 0.210227354042703 0.450248464679529 0.736318873279286
0.275000883910958 0.391211637971625 0.283290485213418 0.556772485215574 0.21166796508515 0.483822726195713 0.315917065890534
0.598945363873871 0.12536151221104 0.738118660401771 0.292880864195609 0.749425773554928 0.592557900619111 0.568604678695706
0.392218956824097 0.344965185955634 0.643073483678134 0.256966342524671 0.584448703299126 0.483822726195713 0.447457842698615
0.413538671619737 0.3388483987759 0.646742116110474 0.250275048151915 0.58734200657523 0.483822726195713 0.458259840819994
0.546672649731169 0.547968550393619 0.600803201738267 0.780682430739567 0.429221837939681 0.511579780469724 0.545776739828838
0.578367292749957 0.403199559433189 0.564842682011626 0.626320084208181 0.212750265803428 0.511579780469724 0.506846909598891
0.528327116597379 0.586587914239265 0.594664319191369 0.750568634544641 0.439847737519649 0.450248464679529 0.548182881979663
0.30788526641663 0.443375496216082 0.425318084563378 0.558309764334494 0.61258721111182 0.406846652259058 0.456034795944019
0.570674775977065 0.385060736372194 0.695381173437814 0.286797596624457 0.551945659667233 0.636744580077861 0.530292494644778
0.631106529651708 0.494731527655978 0.564842682011626 0.875882858727023 0.771244291278809 0.450248464679529 0.635052077174121
0.65187866328508 0.131276765501811 0.574074524581346 0.457010102147061 0.774375787746564 0.592557900619111 0.580217397237339
0.770747618416299 0.0900808205071458 0.786907845216525 0.413283385166114 0.788512257844211 0.450248464679529 0.66503688223259
0.800022609932234 0.267579647390757 0.802631396525144 0.655604810152591 0.468542504754353 0.535437049122168 0.592031232738646
0.468320642078626 0.330250452558364 0.367919026843226 0.492572663501835 0.622377302502675 0.72348108326203 0.464301287719033
0.389421824916731 0.315075643081781 0.527834336318392 0.413697951392059 0.782744137106679 0.342119013093458 0.459292445870853
0.722294486559108 0.626805823158701 0.955135893870515 0.779913535467081 0.379782002746911 0.535437049122168 0.681648143525381
0.85062701857832 0.286784976531515 0.757229701257779 0.698641694626831 0.416044513386231 0.450248464679529 0.611247716005941
0.406918618901491 0.232659229676661 0.425318084563378 0.371797654578697 0.38747272013403 0.575364115859034 0.368006645866882
0.673776112223943 0.591642721280307 0.884020008363251 0.760776582897517 0.491316692558943 0.483822726195713 0.640113608270381
0.38315745510929 0.476590880601402 0.537098872413247 0.565478999118774 0.505590614619237 0.535437049122168 0.484363634345259
0.330300201976383 0.64977034824888 0.272744890673633 0.929251531931889 0.644070670015554 0.450248464679529 0.471800687589303
0.590252258694187 0.31036301692876 0.59159362881107 0.583824518275105 0.42174026968058 0.575364115859034 0.503416349256611
0.590252258694187 0.538757951217388 0.607552162873301 0.609255511413525 0.374679413493809 0.575364115859034 0.567975350125059
0.637856431402032 0.380031605739553 0.340468839593092 0.910711796179954 0.437627892226395 0.636744580077861 0.539825046337344
0.539183794244982 0.19008156758498 0.564842682011626 0.381356926139141 0.899270143210253 0.406846652259058 0.53352055918732
0.640319485950045 0.39738194291407 0.461799356634824 0.813162761038925 0.309787702377112 1.00000024999991 0.543173639676964
0.0739028202417912 0.515348652236671 0.013041340514854 0.771071709726052 0.815412620217105 0.450248464679529 0.331196603945935
0.406918618901491 0.440724028098253 0.378302579637878 0.720504756807959 0.494989093321918 0.406846652259058 0.428534921003956
0.645226750671261 0.354603916788917 0.811695286408406 0.547458166752903 0.40471970951618 0.483822726195713 0.512088955389753
0.516287733432929 0.506380933351269 0.530923458704546 0.844191598918062 0.754086092514209 0.406846652259058 0.566775773888434
0.416822320280401 0.31495765456561 0.230982795153939 0.638383241117551 0.656490561817293 0.849406133548176 0.427809607474991
0.690881437454023 0.817347045900525 0.838855270236717 0.908827591122261 0.378504507560209 0.575364115859034 0.732588421864541
0.539183794244982 0.666587176456234 0.620119285987636 0.805857150244055 0.319071749828552 0.511579780469724 0.582295520852304
0.236653975430864 0.257341491168336 0.298274561894183 0.533181686127191 0.733951196152743 0.732359780898134 0.349059860031252
0.528327116597379 0.31495765456561 0.588829290172533 0.545733297885079 0.25844374010429 0.483822726195713 0.443241454699941
0.907324404560236 0.444296135760108 0.902051595399003 0.884645983506871 0.49407026079974 0.535437049122168 0.728758106112393
0.596604209555808 0.440724028098253 0.518561233364218 0.789742272344451 0.198450499519575 0.406846652259058 0.532115735770109
0.852185797115066 0.25360765217558 0.884020008363251 0.678602767217639 0.51346762345812 0.450248464679529 0.62282378849766
0.539183794244982 0.533771035042537 0.6501040671183 0.699989878066087 0.39520730190886 0.535437049122168 0.535437049121977
0.400837467912424 0.433166002692152 0.358466040289591 0.760776582897517 0.313814617956742 0.757220609267249 0.403707949944563
0.416822320280401 0.485708592773467 0.481379660413866 0.628778494119469 0.462221367189808 0.483822726195713 0.467518990681004
0.419792560116033 0.586587914239265 0.444046153596812 0.739293031965471 0.396069391408955 0.511579780469724 0.479296947234655
0.716085593877977 0.0797789278898021 0.774498776187672 0.270042136852974 0.749425773554928 0.623043223490324 0.623043223490296
0.379999547751624 0.408536811882739 0.545429765240083 0.527850238845889 0.567175007808048 0.483822726195713 0.473526282844061
0.263041003130062 0.285858927654386 0.452460132989603 0.29723810253589 0.473072586846827 0.450248464679529 0.343347389625963
0.601280433286681 0.201776665287275 0.610925161575807 0.469407418213461 0.782220362865836 0.673275216339071 0.56117663284418
0.620433750765162 0.655503009631121 0.802631396525144 0.776278485488932 0.602355514880821 0.450248464679529 0.632793121862531
0.578367292749957 0.412144255771782 0.49905906983655 0.762014843037288 0.284764225905072 0.450248464679529 0.511116850864087
0.506545966237973 0.509009497401197 0.461799356634824 0.724892831677836 0.313008046740412 0.483822726195713 0.497047101982128
0.442212618025083 0.404811666202319 0.59159362881107 0.589696636097555 0.312202068917251 0.483822726195713 0.426340282674464
0.539183794244982 0.46776330198683 0.434687427942746 0.804579837809608 0.00186598479848468 0.608373204556172 0.499509184934077
0.224728506003577 0.429773450012165 0.320518627278387 0.565478999118774 0.152703312573643 0.450248464679529 0.297382026177105
0.340623489339577 0.448497998269083 0.620119285987636 0.472755157311639 0.741161184671143 0.406846652259058 0.516774505249017
0.359685498760175 0.553509843040584 0.272744890673633 0.834079701448559 0.788512257844211 0.406846652259058 0.483216352983248
0.416822320280401 0.549155030985648 0.545429765240083 0.66957519951297 0.384476652682169 0.592557900619111 0.463875488491316
0.46000689589893 0.284817839441175 0.434687427942746 0.476655111066981 0.228434716972337 0.450248464679529 0.390030878678039
0.505892079167844 0.191148665743351 0.564842682011626 0.367624739599522 0.815412620217105 0.793905951708126 0.505971435491209
0.491894195153357 0.674821536641481 0.600803201738267 0.782875113272651 0.315025585963126 0.511579780469724 0.555406471110383
0.541687744736127 0.533771035042537 0.656825229907692 0.699989878066087 0.395638279570369 0.511579780469724 0.536955168746584
0.442212618025083 0.549155030985648 0.444046153596812 0.703653613199928 0.344483338148424 0.450248464679529 0.479408651805484
0.79610859676451 0.647272386395414 0.841055383544618 0.900714028932608 0.393484734288852 0.483822726195713 0.734274087975342
0.384729916871999 0.379357973844327 0.616442503123884 0.386447233622899 0.55479213033748 0.511579780469724 0.439829356456389
0.49299313683035 0.300513102936851 0.537098872413247 0.457545629194899 0.342413488667846 0.535437049122168 0.415765116538219
0.434439020792135 0.569004714841864 0.54265355011906 0.739293031965471 0.437184308445616 0.483822726195713 0.484239830742348
0.711628611733955 0.772017943296176 0.938058322885513 0.852375748255749 0.241433358182386 0.483822726195713 0.72782606658646
0.629072161715018 0.34472490030868 0.583298559728777 0.642531835615869 0.200222367607815 0.592557900619111 0.514881201734617
0.637856431402032 0.633854205211664 0.793562116158866 0.781025443165011 0.598955913477008 0.450248464679529 0.635868530658707
0.148266591651513 0.434801353796489 0.434687427942746 0.330809702538973 0.796397339041787 0.483822726195713 0.461478457954532
0.50300825344044 0.513916908870968 0.574074524581346 0.683761585330513 0.119372756258475 0.673275216339071 0.502474489032629
0.148266591651513 0.422253627052904 0.434687427942746 0.318534242168247 0.796397339041787 0.511579780469724 0.453971536158976
0.356390646783144 0.374038604340516 0.620119285987636 0.330809702538973 0.716525408040194 0.342119013093458 0.465809604003919
0.419369099282968 0.341004764372635 0.385037096035812 0.521901634104378 0.111233935126855 0.450248464679529 0.385698747781908
0.353075360815891 0.448687946297467 0.444046153596812 0.587774946995925 0.725735924428684 0.450248464679529 0.485759303795706
0.30788526641663 0.506380933351269 0.683369316980474 0.502904548376697 0.631226183949703 0.342119013093458 0.533628353110243
0.413538671619737 0.447421930113063 0.444046153596812 0.624950122189309 0.0835050697436481 0.764987967474263 0.421859800806912
0.554093726447681 0.519127060352504 0.610925161575807 0.72878422951494 0.674995719308131 0.732359780898134 0.589100683767564
0.596604209555808 0.27548247217582 0.729009043912078 0.401074605325879 0.530262544545563 0.483822726195713 0.508518138078211
0.645226750671261 0.533771035042537 0.774498776187672 0.766277073329206 0.54863007108597 0.623043223490324 0.604575361013
0.489223273478121 0.477744731651491 0.527834336318392 0.775284150257625 0.654996599933244 0.886079297082096 0.531855807347708
0.483852033496183 0.121448643560898 0.518561233364218 0.202156753459814 0.505128346016608 0.704673357010819 0.431609757024386
0.210961895434677 0.486995547182121 0.0549527813824961 0.893610937631858 0.853287628953883 0.342119013093458 0.38702515988423
0.618147140352936 0.597027961073859 0.564842682011626 0.959920893325059 0.59798560917249 0.450248464679529 0.603756016352108
0.645226750671261 0.654273734802961 0.832220494190826 0.789742272344451 0.605760607106509 0.483822726195713 0.648012062302372
0.249451339637163 0.374038604340516 0.434687427942746 0.406803588005581 0.882962373885055 0.0316227766016838 0.448244415446422
0.568014473626591 0.576983807369895 0.675137403185905 0.704018938073933 0.214919590009941 0.575364115859034 0.567139392373686
0.286623552444463 0.363081058174417 0.266343212387013 0.587774946995925 0.476705603312551 0.450248464679529 0.34227824267323
0.558759642912336 0.191148665743351 0.545429765240083 0.333390539685869 0.873218760146999 0.535437049122168 0.538701382501938
0.428620508839911 0.463935555966344 0.49905906983655 0.630004101621131 0.289484010861556 0.483822726195713 0.439665828809369
0.397773729520406 0.296194729444055 0.387729161558503 0.50849761115441 0.535895040690694 0.450248464679529 0.40669403435296
0.400837467912424 0.236775296659606 0.337306340015009 0.540842708354634 0.732922843159466 0.406846652259058 0.424995305768825
0.516287733432929 0.330250452558364 0.461799356634824 0.65795380831774 0.581559486609696 0.865696063039908 0.497396534298961
0.228749634103948 0.349536958356562 0.425318084563378 0.382926938168329 0.451442451120347 0.483822726195713 0.374819318581029
0.782545164097231 0.448687946297467 0.884020008363251 0.75307668866461 0.492692927065571 0.556474063459738 0.65168380580921
0.42274885486337 0.249434267631056 0.421879947546028 0.427754514093031 0.38747272013403 0.704673357010819 0.386236753637644
0.649666406116076 0.65522979756953 0.757229701257779 0.619163182093669 0.367906746423892 0.786971628851558 0.648396871951577
0.711222508980716 0.356660535039732 0.822788362728963 0.650280838423536 0.527452682538574 0.450248464679529 0.59203674263836
0.366864361905278 0.357989964680801 0.408738827683269 0.626320084208181 0.505128346016608 0.342119013093458 0.405322303072007
0.645226750671261 0.353396176228096 0.478274517912973 0.789742272344451 0.581078348411187 0.661762052932877 0.579547468823006
0.533647610498045 0.574587747556931 0.425318084563378 0.935777311901911 0.616497924542237 0.483822726195713 0.540775569957411
0.696605264781162 0.478899140328492 0.452460132989603 0.998714028645253 0.603814168549372 0.931665688324041 0.630600592423814
0.741537572596991 0.239500734530097 0.853450700135797 0.615075948117137 0.505128346016608 0.661762052932877 0.566070370597721
0.442212618025083 0.564095386342559 0.48448374906775 0.875001719323751 0.704805487840396 0.406846652259058 0.548126117657835
0.465560398083116 0.284817839441175 0.481379660413866 0.471775131529177 0.638133260690445 0.450248464679529 0.46235881165468
0.340623489339577 0.444892047124896 0.367919026843226 0.617638595083267 0.52651701034551 0.342119013093458 0.419424975136748
0.481421972118981 0.317555440323706 0.537098872413247 0.552264313265818 0.390904918865101 0.511579780469724 0.433619941564019
0.483852033496183 0.218203853194401 0.508350722896249 0.337732704177177 0.372982939748457 0.406846652259058 0.380921812130971
0.434439020792135 0.591669489340758 0.126236590481176 0.927220138774993 0.400387875799544 0.450248464679529 0.431153211642701
0.416822320280401 0.588993883323028 0.387729161558503 0.863266538322885 0.165998516121944 0.483822726195713 0.470330632439198
0.373630605088689 0.588993883323028 0.518561233364218 0.636904663678814 0.40471970951618 0.483822726195713 0.468626573062605
0.425691431017635 0.324424500735154 0.586064268332941 0.524919353677361 0.493151916238902 0.406846652259058 0.442165240828562
0.46000689589893 0.27548247217582 0.374843082430747 0.455130795273574 0.701757215792397 0.406846652259058 0.458356293959316
0.434439020792135 0.588993883323028 0.384588322307334 0.903910276832223 0.660978275669368 0.406846652259058 0.513468848419916
0.349739190312459 0.477744731651491 0.461799356634824 0.642531835615869 0.58734200657523 0.483822726195713 0.483822726195674
0.631106529651708 0.433166002692152 0.405606735758669 0.904099898846655 0.324761079957647 0.608373204556172 0.546511639562881
0.359685498760175 0.670290136117534 0.289671662736029 0.950228835983396 0.578674365195665 0.450248464679529 0.484076862541683
0.791316056079719 0.737211479404907 0.964117619840299 0.886562246882813 0.224758805706204 0.483822726195713 0.763971257145979
0.554093726447681 0.508977029407412 0.600803201738267 0.723827910504707 0.666975458075083 0.764987967474263 0.58291131462009
0.191111875169172 0.384692303329449 0.425318084563378 0.431941811948093 0.871057712574276 0.342119013093458 0.449028499863012
0.210961895434677 0.38997989951103 0.461799356634824 0.401074605325879 0.483082443433136 0.764987967474263 0.405730188182105
0.428620508839911 0.501067258728484 0.434687427942746 0.790718426571734 0.200577280743137 0.342119013093458 0.451944014518348
0.478983705613765 0.51417716658171 0.320518627278387 0.849353776844614 0.673991689696332 0.450248464679529 0.497397281915752
0.267067242523099 0.37623790024069 0.51175541525207 0.467761211390518 0.365376117227227 0.511579780469724 0.362512452240429
0.752821829772944 0.239229505552045 0.637568466857021 0.582354595998904 0.423936827086637 0.483822726195713 0.540578611847119
0.645226750671261 0.176004582785376 0.856936151600288 0.163216279540595 0.60770883425729 0.535437049122168 0.548419527741468
0.606164516303688 0.530888120880237 0.585757001356752 0.921657219253036 0.443406154657313 0.575364115859034 0.575364115858934
0.530865118474821 0.554698711563534 0.735082782627186 0.679990681994509 0.335402749960227 0.406846652259058 0.537143118889925
0.596604209555808 0.231438325833999 0.554678468973188 0.453574505305813 0.293434045674204 0.450248464679529 0.422942928300962
0.696605264781162 0.560140021741503 0.910159601528773 0.768733879153131 0.495908413417057 0.483822726195713 0.641861501837134
0.224728506003577 0.374038604340516 0.224524099200942 0.617638595083267 0.582522104238985 0.450248464679529 0.338337379468551
0.370418861997369 0.554698711563534 0.444046153596812 0.65795380831774 0.442515782590698 0.483822726195713 0.477766913886033
0.434439020792135 0.330607815862384 0.574074524581346 0.407119501022649 0.516256035606182 0.575364115859034 0.444271547388907
0.450744484135334 0.614779006358591 0.574074524581346 0.724892831677836 0.452785836597676 0.483822726195713 0.51070360309528
0.373630605088689 0.363081058174417 0.367919026843226 0.650090807450114 0.120292011991187 0.450248464679529 0.366644037975977
0.379999547751624 0.383587427715688 0.646742116110474 0.444432304692602 0.733951196152743 0.450248464679529 0.49058819730035
0.784304569831642 0.306720539051285 0.78357960037914 0.652984901647034 0.392624257175137 0.483822726195713 0.575280178007382
0.425691431017635 0.341004764372635 0.692509773452706 0.337732704177177 0.737038725154018 0.450248464679529 0.50496527654974
0.296821445118089 0.260404537393504 0.346789218429258 0.341015879287715 0.516256035606182 0.450248464679529 0.33616851775081
0.30788526641663 0.408536811882739 0.574074524581346 0.360562575971603 0.704805487840396 0.450248464679529 0.472634028692053
0.658485628232476 0.684453741060367 0.675137403185905 0.886678250955145 0.319071749828552 0.772525683232774 0.663861337520034
0.000251188643150958 0.561445244163513 1.99526231496888e-06 0.821656032942717 0.928837730914184 0.649614533699218 0.335724934964686
0.000251188643150958 0.536132102265386 0.00887269218403805 0.790610024509094 0.873218760146999 0.714262915828272 0.323203215036627
0.442212618025083 0.356900890512969 0.508350722896249 0.551979712537498 0.663974932297434 0.483822726195713 0.4838227261959
0.536672067444515 0.166707852483099 0.564842682011626 0.328208571849994 0.847387579990695 0.978786800346701 0.521756600896344
0.678047088173974 0.415758025888988 0.847898247569524 0.593867828291899 0.381487241056545 0.450248464679529 0.548220508731133
0.518607548462465 0.630870273990456 0.683369316980474 0.726192281246391 0.39520730190886 0.556474063459738 0.557413042228637
0.513701983347541 0.44211249566692 0.583298559728777 0.624264013775722 0.357814277007846 0.535437049122168 0.484397381467681
0.471070082615546 0.140450830378491 0.637568466857021 0.247173676460787 0.737038725154018 0.944118309343114 0.484365054593132
0.224728506003577 0.319565737192204 0.425318084563378 0.337732704177177 0.452785836597676 0.511579780469724 0.3541552289721
0.500640536429868 0.226788564567192 0.472061041003842 0.409114618582788 0.943723537741764 0.450248464679529 0.51196853113281
0.627033398298469 0.537313416750891 0.414999234047739 0.860183189179972 0.222561458068216 0.556474063459738 0.565634281404676
0.319757156683282 0.576983807369895 0.564842682011626 0.590518302764555 0.386616022988767 0.450248464679529 0.450248464679343
0.698126327524404 0.129970742073361 0.889732087034034 0.141259344966744 0.5757933477952 0.592557900619111 0.539616218919095
0.363286752348481 0.413265095184386 0.558067620522232 0.406803588005581 0.807474011654113 0.342119013093458 0.489302290585095
0.740537689417908 0.621549219663278 0.865065976435836 0.802660057948028 0.502357273671618 0.556474063459738 0.692072980468514
0.416822320280401 0.169934569696587 0.518561233364218 0.335440912946717 0.758754654971448 0.575364115859034 0.440668986592303
0.530865118474821 0.370378856319694 0.583298559728777 0.533181686127191 0.418670574179061 0.623043223490324 0.478579247409659
0.624990205982168 0.335380024239935 0.620119285987636 0.605445255998303 0.409935444653887 0.450248464679529 0.52175774348932
0.615854876982508 0.433166002692152 0.545429765240083 0.79622736242637 0.216732154183288 0.342119013093458 0.541057387470459
0.410237547793218 0.571927800874685 0.157032817953666 0.87323677318063 0.680525505422466 0.535437049122168 0.460716781748794
0.263041003130062 0.444892047124896 0.527834336318392 0.431941811948093 0.293434045674204 0.511579780469724 0.345627490041772
0.42274885486337 0.213936536013546 0.39996575376906 0.369717084482065 0.534485323152599 0.483822726195713 0.402303220679063
0.46000689589893 0.163700572795459 0.487586791334966 0.250275048151915 0.374679413493809 0.535437049122168 0.36578141125672
0.513701983347541 0.31495765456561 0.629306241205779 0.429383007255762 0.535895040690694 0.511579780469724 0.488499146921661
0.370418861997369 0.392444152553002 0.564842682011626 0.492572663501835 0.434082824688936 0.511579780469724 0.41131084247091
0.494821086692797 0.277551611244515 0.702556950013941 0.322943464587202 0.715504094442712 0.450248464679529 0.529024375899639
0.376824047048504 0.423254734249793 0.487586791334966 0.617638595083267 0.623849635726215 0.450248464679529 0.478540973636461
0.622714756713185 0.549155030985648 0.588829290172533 0.857288726298964 0.325983953097807 0.592557900619111 0.59102204784122
0.575970743063088 0.478899140328492 0.757229701257779 0.623577150452385 0.458620325548536 0.450248464679529 0.537324268830809
0.546672649731169 0.377338514084955 0.472061041003842 0.634477741005325 0.499129867798577 0.483822726195713 0.507145899912793
0.416822320280401 0.463425665593862 0.405606735758669 0.780901976048891 0.251599923082024 0.406846652259058 0.429570905938707
0.704842633997632 0.382000582368472 0.816436987935046 0.657329245613234 0.527452682538574 0.450248464679529 0.596411787759949
0.425691431017635 0.537313416750891 0.452460132989603 0.699989878066087 0.414733254959863 0.483822726195713 0.465569630093969
0.643126694255429 0.563716641840172 0.81984823343023 0.788656239479322 0.556216933303317 0.535437049122168 0.611616974073679
0.330300201976383 0.356900890512969 0.564842682011626 0.314063123508337 0.552894018342782 0.511579780469724 0.419264655110018
0.363612958423481 0.360654934843372 0.452460132989603 0.394611531842356 0.672988087239815 0.592557900619111 0.425584418829848
0.376824047048504 0.360412501578706 0.629306241205779 0.322943464587202 0.724710875060053 0.450248464679529 0.469094520748781
0.236653975430864 0.536132102265386 0.196310449097402 0.805857150244055 0.741161184671143 0.406846652259058 0.413873656208208
0.296821445118089 0.363081058174417 0.527834336318392 0.360562575971603 0.721638212422598 0.406846652259058 0.437389238035288
0.494821086692797 0.601455956711967 0.583298559728777 0.735806774322146 0.446080335819058 0.483822726195713 0.532474300745828
0.406918618901491 0.25360765217558 0.461799356634824 0.50849761115441 0.491316692558943 0.483822726195713 0.414676560964782
0.489223273478121 0.452109757210642 0.574074524581346 0.685139049753859 0.452337914728219 0.0316227766016838 0.474590321403186
0.596604209555808 0.446030139399773 0.574074524581346 0.763251094288812 0.422179320288336 0.575364115859034 0.536745235878897
0.772722205551234 0.071223625030904 0.695859679367797 0.21845851689019 0.699219875109798 0.843761937385289 0.618542952445286
0.491894195153357 0.414386542905762 0.397143695417725 0.721693354023027 0.183054446555299 0.592557900619111 0.455407988536061
0.476537136187645 0.2664381416367 0.620119285987636 0.29723810253589 0.720614820871498 0.535437049122168 0.502149305268374
0.220203551286746 0.565421392537101 0.165911368228472 0.831815919852867 0.721638212422598 0.406846652259058 0.406846652258998
0.587888097514049 0.257341491168336 0.518561233364218 0.577774071970086 0.636157619416504 0.535437049122168 0.5379965473463
0.370418861997369 0.38997989951103 0.637568466857021 0.448873261661445 0.733951196152743 0.406846652259058 0.491647332331111
0.379999547751624 0.359079701887308 0.508350722896249 0.537982609752186 0.485822773242269 0.450248464679529 0.428377738500146
0.319757156683282 0.428392830620842 0.527834336318392 0.404521731361187 0.476705603312551 0.511579780469724 0.436750059259797
0.603609472790747 0.328107898292628 0.720805265456753 0.4825525159794 0.519048757511068 0.592557900619111 0.513194831976087
0.476537136187645 0.170978077014971 0.452460132989603 0.193491518297792 0.685059449260365 0.779848999939171 0.452681694583154
0.468320642078626 0.296194729444055 0.490688794573408 0.478628986617194 0.648037657742722 0.406846652259058 0.469411170464269
0.286623552444463 0.37623790024069 0.540432039854888 0.346006091337423 0.51998062081434 0.511579780469724 0.417157772119478
0.236653975430864 0.407294338607936 0.452460132989603 0.448873261661445 0.489941558598399 0.556474063459738 0.421908615587914
0.587888097514049 0.716292622341706 0.754197913854507 0.823531531427769 0.511611081278519 0.483822726195713 0.633024581913143
0.513701983347541 0.21033896544673 0.49905906983655 0.460745720306434 0.545320197633057 0.406846652259058 0.467759109496341
0.516287733432929 0.481723370719656 0.518561233364218 0.843277346008733 0.5757933477952 0.732359780898134 0.523279334543727
1.00000059999988 0.0191852847223818 0.81984823343023 0.510180373209175 0.403852277785987 0.749206589680809 0.552055734736384
0.416822320280401 0.440724028098253 0.402786764513827 0.703653613199928 0.264186804697146 0.483822726195713 0.421067465127477
0.611253193756664 0.194464232369224 0.709859234267155 0.330809702538973 0.535895040690694 0.511579780469724 0.50269555687695
0.263041003130062 0.541649344032652 0.206061975157944 0.80372716843668 0.758754654971448 0.450248464679529 0.429457289988831
0.282784772400884 0.392444152553002 0.397143695417725 0.579403564163027 0.962008775196458 0.450248464679529 0.473074181984381
0.720721452000541 0.319321417615421 0.832310595341514 0.639562597674651 0.526049352291108 0.450248464679529 0.58519217752696
0.416822320280401 0.484422319998133 0.397143695417725 0.775284150257625 0.209148742696562 0.483822726195713 0.43506481466375
0.684484317361027 0.540203260726252 0.527834336318392 0.962862896374012 0.728300357793656 0.592557900619111 0.662996846960962
0.76420740126097 0.313778255901359 0.871085475263967 0.684888807738889 0.560021506599999 0.890961453576841 0.619017873373989
0.516287733432929 0.344965185955634 0.802631396525144 0.413697951392059 0.644070670015554 0.483822726195713 0.530148116600945
0.210961895434677 0.381379585965588 0.367919026843226 0.542267100765552 0.275391553046194 0.450248464679529 0.308949395323252
0.664394331299395 0.198759130039735 0.738118660401771 0.360562575971603 0.54013055054477 0.450248464679529 0.521597676185602
0.349739190312459 0.557077977450111 0.481379660413866 0.605445255998303 0.396069391408955 0.450248464679529 0.450590429558655
0.148266591651513 0.399855457073427 0.224524099200942 0.573156942730999 0.236953557298376 0.406846652259058 0.283632411410402
0.580757240329466 0.648543232716052 0.387729161558503 0.978754527478562 0.511611081278519 0.406846652259058 0.567700837159714
0.590252258694187 0.269865580737854 0.600803201738267 0.496040536796661 0.758754654971448 0.406846652259058 0.561657154933815
0.554093726447681 0.191255441227112 0.570998118086164 0.439417410908845 0.907455920856365 0.511579780469724 0.543579838702059
0.416822320280401 0.384692303329449 0.600803201738267 0.578007137821743 0.322319278428581 0.406846652259058 0.403385924716763
0.456933344006245 0.448687946297467 0.527834336318392 0.686264009612862 0.455924832566649 0.535437049122168 0.45535188460416
0.664394331299395 0.306955277826636 0.675137403185905 0.636904663678814 0.363271076815928 0.673275216339071 0.527664346705536
0.503270874407871 0.44211249566692 0.623182395186673 0.759536304044314 0.441181183804251 0.876065510693298 0.479059487586584
0.434439020792135 0.588993883323028 0.387729161558503 0.899061402801016 0.673991689696332 0.450248464679529 0.516697389349283
0.425691431017635 0.432034559176539 0.620119285987636 0.627550493008208 0.570043660237551 0.772525683232774 0.499148432550902
0.806984063990983 0.600398832841333 0.845536159918629 0.887346807464909 0.414733254959863 0.535437049122168 0.723087065772656
0.536420463801542 0.558797601479607 0.620119285987636 0.698834451499809 0.241433358182386 0.684226319856064 0.541023741177786
0.58314064902367 0.2664381416367 0.493479715118835 0.57015830756424 0.641594840363776 0.556474063459738 0.536207244820591
0.480203870572879 0.31442681565961 0.554678468973188 0.453054553980457 0.688086852065838 0.483822726195713 0.494652264637089
0.359685498760175 0.437319681497612 0.340468839593092 0.742416666899124 0.453233885105868 0.342119013093458 0.39643272599395
0.568014473626591 0.565421392537101 0.689463664268938 0.866338913721489 0.442070788364919 0.406846652259058 0.565559689757167
0.497736481612409 0.266324044770225 0.711684186152425 0.413697951392059 0.7042971804041 0.450248464679529 0.527580579080531
0.416822320280401 0.613565411959823 0.434687427942746 0.763251094288812 0.391764318531816 0.483822726195713 0.48704446262353
0.290049376644102 0.418503706372582 0.545429765240083 0.352630877008106 0.718569283275017 0.450248464679529 0.473493025261083
0.465560398083116 0.365510428153931 0.552367059178092 0.442091252927194 0.816472776484401 0.511579780469724 0.511579780469841
0.465560398083116 0.346046885466259 0.384588322307334 0.628778494119469 0.188263125603435 0.511579780469724 0.416440943156574
0.397773729520406 0.305430118379661 0.537098872413247 0.413697951392059 0.785888884854861 0.450248464679529 0.462863956812727
0.798203626326843 0.710635520370013 0.964117619840299 0.901417790392091 0.319071749828552 0.575364115859034 0.759017362875872
0.568014473626591 0.495727919310751 0.757229701257779 0.628778494119469 0.443406154657313 0.511579780469724 0.53880440288372
0.618147140352936 0.683076041941721 0.802631396525144 0.778703737554172 0.601869521054554 0.406846652259058 0.641229009571424
0.780587170655478 0.303320872194783 0.793562116158866 0.663531643789278 0.343654970702022 0.535437049122168 0.565446596097887
0.319757156683282 0.666587176456234 0.577150063624767 0.539414554668369 0.749425773554928 0.450248464679529 0.58159577434183
0.400837467912424 0.40096953877043 0.349947128787474 0.69593749261209 0.530262544545563 0.813686343790921 0.417092127400371
0.956357972183874 3.16227766016838e-08 0.841794798023486 0.448658398294901 0.397363531361664 0.535437049122168 0.515594615553795
0.196568055273255 0.380031605739553 0.340468839593092 0.429952946554493 0.21166796508515 0.575364115859034 0.270971416923941
0.614214057774395 0.653630013188198 0.774498776187672 0.812213581854026 0.54863007108597 0.450248464679529 0.627581048131902
0.684484317361027 0.421878334143079 0.844884488450285 0.622201149073356 0.383621854937283 0.406846652259058 0.561155683971011
0.442212618025083 0.576983807369895 0.378302579637878 0.88677490942329 0.637145221267333 0.450248464679529 0.506645721376354
0.598945363873871 0.53232918763896 0.683369316980474 0.726192281246391 0.305775687621653 0.511579780469724 0.569961067144779
0.58314064902367 0.438453876908034 0.397143695417725 0.855086391185974 0.263418981483195 0.623043223490324 0.516345213772033
0.373630605088689 0.355812480597022 0.49905906983655 0.448873261661445 0.666975458075083 0.450248464679529 0.445560072272504
0.530865118474821 0.517693221354604 0.444046153596812 0.879106147165173 0.318261337415229 0.511579780469724 0.509945413553065
0.20144200914864 0.417255221726677 0.446851738072165 0.431346115215575 0.759273892043861 0.342119013093458 0.454541302231452
0.793644026370901 0.707958976535702 0.982964970049844 0.884645983506871 0.23360949138821 0.511579780469724 0.754244040778466
0.129687722878622 0.521997114527302 0.399260337713719 0.431792964810271 0.212750265803428 0.511579780469724 0.285546109985609
0.565588788709332 0.407294338607936 0.518561233364218 0.636904663678814 0.372135528275519 0.556474063459738 0.50254385840691
0.541687744736127 0.610870254486457 0.330976640417781 0.894473745421066 0.59604634976843 0.843761937385289 0.532317671734029
0.491894195153357 0.311422118386088 0.64697136921034 0.383038835639258 0.679016103866282 0.608373204556172 0.51731656186444
0.416822320280401 0.407294338607936 0.472061041003842 0.605445255998303 0.652011595958584 0.406846652259058 0.475148443360803
0.359685498760175 0.67667704918414 0.292859468867224 0.952121129539933 0.529325449998703 0.342119013093458 0.480984231120095
0.603609472790747 0.159776682744278 0.646742116110474 0.270042136852974 0.775942894742901 0.450248464679529 0.561822356979591
0.500640536429868 0.18487016245877 0.371381903941706 0.448873261661445 0.49959056178763 0.511579780469724 0.444624025197071
0.570674775977065 0.443501835889555 0.610925161575807 0.766277073329206 0.136221927970161 0.575364115859034 0.516792937620686
0.76420740126097 0.528270003646615 0.991933195428395 0.755349511369592 0.416044513386231 0.450248464679529 0.666848150672145
0.760225416277636 0.283661966821923 0.78357960037914 0.622201149073356 0.323946561182721 0.483822726195713 0.538964414063067
0.410237547793218 0.312481940704816 0.656825229907692 0.346006091337423 0.715504094442712 0.483822726195713 0.482568285752296
0.46000689589893 0.270666574895358 0.464365892770733 0.4825525159794 0.978718383816513 0.511579780469724 0.498620171265505
0.558759642912336 0.667958164564724 0.564842682011626 0.846017140765149 0.338284505094963 0.608373204556172 0.595342574469303
0.568014473626591 0.557077977450111 0.502157291010239 0.882026187795994 0.750978295913249 0.406846652259058 0.592118519349922
0.406918618901491 0.490473720395031 0.452460132989603 0.620684024270223 0.556216933303317 0.406846652259058 0.480814991862374
0.528327116597379 0.676195892543763 0.586064268332941 0.68351083900848 0.424376529587858 0.636744580077861 0.580119028448453
0.326811079534964 0.365267345427239 0.367919026843226 0.617638595083267 0.509293107954813 0.406846652259058 0.392393776396817
0.516287733432929 0.573390466091956 0.656825229907692 0.692604269006695 0.213834141920781 0.450248464679529 0.533250122564193
0.450744484135334 0.378929423502408 0.629306241205779 0.44715146387134 0.516256035606182 0.511579780469724 0.460467530199564
0.563156148374511 0.476590880601402 0.610925161575807 0.721693354023027 0.657985495698957 0.793905951708126 0.581871346777558
0.640811339037114 0.537313416750891 0.777526337037936 0.768733879153131 0.549103377036632 0.623043223490324 0.602595869544861
0.58314064902367 0.375137929948696 0.564842682011626 0.681375769691939 0.374679413493809 0.592557900619111 0.500827881642154
0.42274885486337 0.369038755028377 0.490688794573408 0.622201149073356 0.516256035606182 0.450248464679529 0.452376363444493
0.370418861997369 0.291772713447674 0.157032817953666 0.613880374307184 0.755641365134274 0.342119013093458 0.396374727741734
0.52322655751158 0.478899140328492 0.708642462517285 0.595165330704367 0.578193910391258 0.406846652259058 0.54288846477975
0.483852033496183 0.45490173599454 0.564842682011626 0.679990681994509 0.45189011955117 0.406846652259058 0.472361410463432
0.356390646783144 0.323119491726027 0.468641796626871 0.352630877008106 0.334580686391649 0.450248464679529 0.344742573530206
0.994746348649351 0.357989964680801 1.00000094999998 0.830283640691569 0.291852196656673 0.838002145090772 0.691918331599198
0.491894195153357 0.677295779704971 0.607552162873301 0.782875113272651 0.315429537954451 0.450248464679529 0.556297914133509
0.206238576847281 0.456044898861023 0.465221238730087 0.471775131529177 0.838826610759347 0.483822726195713 0.491850025639797
0.468320642078626 0.45490173599454 0.656825229907692 0.596460010616588 0.634183729596181 0.511579780469724 0.541202531563873
0.55851471676482 0.251575627127261 0.545429765240083 0.448873261661445 0.293434045674204 0.406846652259058 0.413385703643925
0.889275774049128 0.279969510895872 0.988944263028681 0.660813466666399 0.397795179283352 0.592557900619111 0.605955014700818
0.678047088173974 0.183810184356561 0.748132411440653 0.352630877008106 0.544375571295408 0.511579780469724 0.52552619729338
0.631106529651708 0.581381753003075 0.748132411440653 0.605445255998303 0.367062648943639 0.623043223490324 0.601131540969994
0.30788526641663 0.309304637807777 0.289671662736029 0.469772458542906 0.462221367189808 0.450248464679529 0.335838307738886
0.445068680174738 0.158644387027647 0.425318084563378 0.306606140465106 0.581559486609696 0.342119013093458 0.415214533891069
0.52322655751158 0.571661942047527 0.59159362881107 0.765269743108711 0.340760178107898 0.535437049122168 0.538472320435773
0.359685498760175 0.613565411959823 0.30241202183236 0.875882858727023 0.774375787746564 0.406846652259058 0.502839039952932
0.359685498760175 0.40096953877043 0.461799356634824 0.443687823652711 0.468542504754353 0.450248464679529 0.425839392957264
0.406918618901491 0.486995547182121 0.397143695417725 0.801484595423522 0.259207395984146 0.450248464679529 0.432128978381764
0.578127935928327 0.356900890512969 0.601033345412865 0.519379367749555 0.558593923360419 0.406846652259058 0.531494913973503
0.627033398298469 0.640510328857285 0.793562116158866 0.781099514066885 0.601869521054554 0.714262915828272 0.631572048926895
0.275000883910958 0.411024025660003 0.425318084563378 0.455130795273574 0.809059957390787 0.450248464679529 0.460152130131397
0.500640536429868 0.446156629982954 0.574074524581346 0.688508415107997 0.453233885105868 0.342119013093458 0.480725240011892
0.898789081865926 0.502491777822578 0.988346419536164 0.818520652455895 0.205207438627142 0.511579780469724 0.714079851776414
0.544184002535541 0.533771035042537 0.748132411440653 0.692604269006695 0.327208138331816 0.483822726195713 0.537671064965375
0.533647610498045 0.574587747556931 0.434687427942746 0.879106147165173 0.268035476775851 0.556474063459738 0.527241540813994
0.210961895434677 0.386043569131839 0.292859468867224 0.511019676271776 0.293434045674204 0.483822726195713 0.320697722660144
0.563156148374511 0.559856358160468 0.689463664268938 0.864357986086727 0.439847737519649 0.406846652259058 0.560460425131151
0.224728506003577 0.427263894334689 0.414999234047739 0.448873261661445 0.810117748335272 0.406846652259058 0.458576990486283
0.413538671619737 0.452109757210642 0.358466040289591 0.72878422951494 0.0334373142699515 0.450248464679529 0.412941366979456
0.539183794244982 0.451095345437151 0.487586791334966 0.602180467050526 0.549103377036632 0.838002145090772 0.525235434982163
0.809623070975217 0.138445966723566 0.74145736717983 0.564113220064969 0.738068724005716 0.406846652259058 0.661544949764832
0.425691431017635 0.44211249566692 0.367919026843226 0.731952712520822 0.0282415788759962 0.483822726195713 0.416463527558574
0.653865423891895 0.300746884088212 0.702556950013941 0.487851933123553 0.477615097196911 0.511579780469724 0.504657704393259
0.370418861997369 0.45490173599454 0.405606735758669 0.768733879153131 0.542487723267342 0.450248464679529 0.444486654209354
0.52322655751158 0.262905695633304 0.675137403185905 0.346006091337423 0.745290206006421 0.649614533699218 0.539462403430981
0.508504260750827 0.430903707972483 0.537098872413247 0.688508415107997 0.341173291366714 0.556474063459738 0.476758140139835
0.319757156683282 0.405928493069686 0.508350722896249 0.387377626214006 0.709384965192702 0.342119013093458 0.459382462791266
0.67330044539188 0.437319681497612 0.414999234047739 0.761789854538326 0.0774887485301366 0.649614533699218 0.571693812012935
0.52322655751158 0.458841709172168 0.508350722896249 0.551669071564969 0.51068353108184 0.575364115859034 0.50972288352103
0.733994487371513 0.7832257535655 0.947048539149522 0.877818252074361 0.245184772848176 0.450248464679529 0.74597731197244
0.38315745510929 0.404563566058732 0.545429765240083 0.527850238845889 0.567652829325212 0.450248464679529 0.472049279005402
0.894654480702182 0.514679166569484 0.977581969482816 0.827891171845575 0.206638160513159 0.483822726195713 0.720392975070288
0.551627433249539 0.443501835889555 0.340468839593092 0.79266712868939 0.466733963314425 0.450248464679529 0.493602566043811
0.179874263365609 0.388748938641111 0.505564172914034 0.506640117465855 0.232127607265576 0.608373204556172 0.284669179243038
0.760225416277636 0.331561162318811 0.59159362881107 0.775284150257625 0.401253176573248 0.483822726195713 0.60679223002978
0.65187866328508 0.26165451879697 0.656825229907692 0.561371693503926 0.783791986032112 0.450248464679529 0.606056505236152
0.148266591651513 0.486802460609255 0.444046153596812 0.44715146387134 0.755641365134274 0.807253551009281 0.464846161992732
0.505564924262606 0.279926297365253 0.634470796531644 0.455130795273574 0.30898410470661 0.450248464679529 0.407667430526494
0.330300201976383 0.309304637807777 0.30241202183236 0.476655111066981 0.468090182071608 0.342119013093458 0.352653592003554
0.465560398083116 0.51417716658171 0.153737826747821 0.892555262116224 0.621886745707861 0.450248464679529 0.450248464679471
0.263041003130062 0.414386542905762 0.397143695417725 0.476655111066981 0.420862560182365 0.450248464679529 0.397507119572712
0.179874263365609 0.374038604340516 0.340468839593092 0.533181686127191 0.274614553689744 0.342119013093458 0.303736706894299
0.752821829772944 0.363081058174417 0.865065976435836 0.683761585330513 0.556216933303317 0.608373204556172 0.622433676720934
0.406918618901491 0.565421392537101 0.508350722896249 0.742416666899124 0.445188431710485 0.406846652259058 0.485649527621081
0.30788526641663 0.393554078049867 0.367919026843226 0.527850238845889 0.126782760297426 0.450248464679529 0.336491220114917
0.894654480702182 0.164839975671346 0.856936151600288 0.613880374307184 0.571000796049468 0.450248464679529 0.614700164552273
0.410237547793218 0.31637409959543 0.378302579637878 0.524919353677361 0.45682282573733 0.450248464679529 0.403321945184408
0.529343290747168 0.328964585264744 0.814413412211894 0.394611531842356 0.634183729596181 0.450248464679529 0.530942216962517
0.55851471676482 0.527092696242088 0.508350722896249 0.716807580416629 0.442515782590698 0.535437049122168 0.541691823713924
0.516287733432929 0.421878334143079 0.541265162421759 0.641430394381927 0.231387676497765 0.406846652259058 0.476723247089345
0.548534189208649 0.389672086336865 0.358466040289591 0.721693354023027 0.109694300026405 0.483822726195713 0.476752147796453
0.508504260750827 0.326799934589084 0.629306241205779 0.365051143323358 0.768116423427337 0.608373204556172 0.536217689859244
0.518607548462465 0.363081058174417 0.583298559728777 0.565478999118774 0.423497254848109 0.608373204556172 0.47110104001435
0.326811079534964 0.424632030135077 0.320518627278387 0.6354226457185 0.489483425405845 0.406846652259058 0.385603336776065
0.395002852807771 0.386043569131839 0.574074524581346 0.502904548376697 0.419546976103589 0.483822726195713 0.405552400057874
0.611253193756664 0.393776138352362 0.81984823343023 0.518016137490894 0.652011595958584 0.649614533699218 0.589070288567789
0.196568055273255 0.466486687914438 0.446851738072165 0.346006091337423 0.796397339041787 0.450248464679529 0.474563391148508
0.692792881804759 0.399607967587574 0.620119285987636 0.661850279031562 0.178574218887094 0.592557900619111 0.564793346460808
0.249451339637163 0.466359064897495 0.0549527813824961 0.896483734280565 0.866200954848077 0.342119013093458 0.396445989922605
