1 6 81 19 26
2 6 71 17 16
2 -4 69 26 2
1 -8 40 35 2
1 -3 55 15 18
1 -1 44 17 23
2 -11 38 9 4
1 -7 43 15 22
2 -3 64 9 4
1 2 75 0 9
3 -1 100 9 1
1 4 49 17 28
1 2 28 22 30
1 3 39 30 26
1 13 16 39 47
2 4 33 11 72
1 6 45 0 26
1 7 62 9 33
2 11 76 15 43
2 12 100 15 18
1 4 49 22 36
1 13 41 28 88
1 14 36 30 90
1 7 39 7 92
1 2 38 11 75
2 0 48 11 23
2 11 47 11 72
1 12 41 17 139
2 8 81 0 51
2 11 87 9 93
3 12 94 30 4
1 14 41 28 119
2 14 88 15 68
1 25 65 9 124
1 16 42 24 120
1 14 82 7 109
1 19 43 0 132
1 20 49 6 142
2 17 94 9 72
1 22 78 15 120
1 25 53 9 173
1 27 54 13 164
1 27 65 15 171
2 24 83 19 139
1 25 36 9 120
2 24 69 7 121
1 31 62 9 110
1 32 55 7 131
1 29 62 9 134
2 28 58 6 141
1 28 42 0 122
1 27 45 9 127
1 31 36 6 144
1 31 62 7 215
1 30 46 20 101
1 32 55 13 110
1 28 48 15 171
1 30 55 19 147
1 38 37 13 62
1 37 53 17 74
1 33 36 13 111
1 33 28 11 112
1 33 62 15 138
1 39 63 0 113
2 30 70 13 122
1 28 79 13 81
1 28 58 0 115
1 36 63 19 132
3 23 89 28 15
1 27 58 26 59
3 25 69 19 66
1 30 70 11 174
1 29 62 17 108
1 27 65 0 144
2 17 68 15 119
1 17 68 15 116
2 22 83 6 118
2 24 78 9 131
3 10 82 22 30
2 10 66 17 74
1 20 56 0 176
1 25 53 6 189
1 19 40 26 153
1 19 35 19 159
2 13 62 7 110
1 14 72 11 131
3 -1 93 26 1
1 7 53 15 58
1 8 46 7 69
1 12 58 6 104
1 10 54 19 102
1 14 40 28 108
1 9 40 0 50
2 16 63 7 74
1 11 62 7 107
1 16 63 24 83
1 6 57 6 48
1 6 81 11 48
1 3 53 28 44
1 4 35 0 31
2 1 45 22 21
2 -1 60 15 20
1 3 39 24 9
1 4 70 11 43
1 12 71 11 65
1 6 76 9 40
1 5 57 15 74
1 7 46 15 55
1 -3 40 13 28
1 -6 47 15 21
2 -2 86 7 1
3 -6 80 17 18
1 4 56 9 55
1 2 28 15 57
1 6 70 0 46
2 1 70 13 22
2 1 81 7 26
1 -9 42 20 3
1 6 57 9 102
2 -1 56 22 82
1 1 39 41 23
1 1 41 19 43
2 11 87 6 33
1 3 45 26 64
1 2 33 22 56
1 6 43 19 90
2 17 77 9 226
2 13 82 11 129
2 16 94 13 98
2 11 94 17 106
1 14 72 9 184
2 11 71 13 180
1 13 24 20 251
1 16 25 19 195
1 17 45 13 207
1 25 46 20 227
1 24 61 22 260
3 10 87 20 7
2 10 40 7 96
1 14 51 0 128
1 27 58 6 221
1 19 73 7 144
1 25 41 6 157
1 25 57 17 150
1 25 38 6 235
1 25 36 22 258
1 28 74 13 208
1 29 66 15 268
1 20 46 19 179
1 25 41 17 199
1 28 35 0 218
1 29 45 6 184
1 25 39 11 213
1 25 57 7 196
1 29 48 15 167
1 29 40 9 215
1 35 30 17 102
1 37 39 15 121
1 42 38 13 122
1 43 42 20 120
2 29 70 7 143
1 35 52 11 170
2 21 83 17 80
2 25 74 0 191
1 33 39 15 162
1 30 55 15 183
1 37 47 17 155
1 36 56 28 155
1 30 66 11 203
1 28 42 11 167
1 28 51 0 180
3 23 78 11 83
2 29 62 19 143
1 30 66 24 150
2 34 55 15 219
2 30 70 0 226
1 31 62 30 173
1 25 47 17 194
1 25 38 26 228
1 25 47 11 183
1 27 58 19 189
1 19 46 17 186
1 19 52 19 217
1 25 43 15 222
1 24 65 17 258
2 12 71 7 76
1 12 35 9 192
1 19 52 20 156
1 18 52 15 204
1 17 44 22 191
1 19 64 19 197
2 16 51 26 110
2 6 46 26 56
1 10 46 15 134
1 11 58 7 143
1 14 59 9 180
1 10 43 13 80
1 10 62 19 92
2 1 41 20 55
2 1 41 15 49
2 6 76 7 74
2 5 81 11 81
2 11 87 7 63
2 11 87 20 40
1 7 61 6 66
2 7 87 9 47
1 1 41 24 29
1 -1 52 13 48
3 0 93 6 7
1 -1 41 28 33
2 -6 55 13 9
2 6 57 7 20
1 17 55 13 41
1 35 52 0 153
2 30 55 6 177
2 28 74 11 101
1 24 69 6 139
1 3 42 33 20
1 12 41 20 52
1 3 46 39 40
1 -2 35 33 33
1 -6 59 17 21
1 -1 48 24 45
1 24 65 17 115
1 29 66 9 254
1 34 46 9 164
2 30 70 19 187
2 11 62 6 72
1 17 72 11 112
1 12 41 6 89
1 5 75 6 43
