"X1" "X2" "X3" "X4" "X5" "Y"
"1" 20.7 33.8333333333333 22.89 32.9 764.7 50
"2" 16.2 43.9666666666667 15.19 43.26 769.933333333333 130
"3" 19.1 38.1633333333333 20.29 35.79 751 130
"4" 20.8566666666667 33.3333333333333 20.89 34.5 756.375 50
"5" 19.5333333333333 39.0266666666667 19.5 37.1725 755.2 50
"6" 19.73 37.1266666666667 20.29 36.59 756.066666666667 90
"7" 18.2 41.59 19.2 38.2 759.6 40
"8" 18.89 38.9333333333333 21.79 33.4333333333333 766.7 50
"9" 22.1333333333333 37.26 22.6 38.26 760.433333333333 140
"10" 23.5414285714286 36.4571428571429 23.5 38.4 755.833333333333 70
"11" 19.76 35.9633333333333 21 32.1933333333333 763.533333333333 60
"12" 20 40 21.1 39.9333333333333 763.35 30
"13" 18.6 36.4 19.3566666666667 35 766.566666666667 70
"14" 18.89 39.6933333333333 21.89 33.6633333333333 766.6 70
"15" 18.29 36 19 33.5 754.65 40
"16" 20.5 37.7 21.29 37.6933333333333 745.766666666667 50
"17" 18.2 40.0666666666667 19.5 36.4666666666667 759.733333333333 90
"18" 22.4266666666667 39.03 18.4633333333333 43.26 749.866666666667 50
"19" 20.1666666666667 42.3 20.39 36.79 756.383333333333 120
"20" 21.89 35.73 21.76 35.4 756.4 40
"21" 20.5 41.5 21.6666666666667 42.6266666666667 753.466666666667 400
"22" 20.2 47 21.5333333333333 43.09 748.9 50
"23" 20.2 36.29 20.29 35.4 754.2 110
"24" 18.79 44.3633333333333 20.29 38.5 751.833333333333 50
"25" 17.73 39.7 20.29 37.26 747.8 70
"26" 17.89 46.2 17.7 46.7 764.05 50
"27" 21.5666666666667 42.79 21.39 45.26 758.5 40
"28" 20.8566666666667 42.73 19.6666666666667 42.1333333333333 730.7 160
"29" 24.5 48.236 25.39 45.674 744.733333333333 80
"30" 21.0428571428571 36.8057142857143 23.9266666666667 33 760.7 50
"31" 19.3566666666667 39.1566666666667 20.39 38 756.6 30
"32" 18.79 38.3266666666667 21.6666666666667 34.76 753.133333333333 90
"33" 18.5666666666667 43.4 20.6 38.5 753.95 60
"34" 20.29 38.7233333333333 21.7 33.59 764.033333333333 110
"35" 18.9633333333333 38.6266666666667 20.9266666666667 36.09 755.5 60
"36" 18.5 40.76 21.2633333333333 38.2966666666667 746.65 70
"37" 20.6666666666667 45.6633333333333 21.1 44 748.5 60
"38" 21.3925 40.67 21.2 39.39 740.8 130
"39" 22.2 44 19.89 50.3175 753.233333333333 130
"40" 18.23 39.4 19.23 35.73 772.233333333333 270
"41" 19 45.045 16.39 47.59 752.4 60
"42" 16.5 42.6266666666667 15.39 41.7 765.233333333333 30
"43" 17.4633333333333 38.9933333333333 16.2 36.59 760.783333333333 340
"44" 23.3566666666667 40.6266666666667 25.29 39.7 752.466666666667 60
"45" 19.5 39.3966666666667 19.26 37.2966666666667 740.7 90
"46" 25.29 36 23.39 39.9 753.5 50
"47" 20.5 40.3266666666667 21.39 38.3633333333333 750.95 140
"48" 21.0333333333333 41.4333333333333 20.29 42.845 742.7 50
"49" 18.39 38.8266666666667 19.8566666666667 35.06 768.15 60
"50" 20.39 39.9333333333333 20 38.79 755.066666666667 60
"51" 18.29 41.5 19 38.1633333333333 758 40
"52" 25.1666666666667 27.3233333333333 23.1 32.59 766.65 60
"53" 16.39 42.9 15.39 42.09 766.166666666667 20
"54" 16.7 36.5 16.6 35.79 760.3 50
"55" 20 41.4333333333333 22.2 38.1633333333333 760.133333333333 50
"56" 18.8233333333333 37.09 18.5 35.7 755.466666666667 30
"57" 19.29 41.3633333333333 21.29 37.2 756.633333333333 50
"58" 20.1 48.2333333333333 21.2 39.8266666666667 751.3 160
"59" 21.79 37.79 22.5 38.5183333333333 747.1 90
"60" 18.1 39.5 20.1 34.59 761.7 40
"61" 21.76 37.4 20.6 39.26 751.133333333333 50
"62" 21.79 43.2 20 47.5 760.7 60
"63" 22.1 34.93 22.89 33.59 757.366666666667 50
"64" 18 40.1633333333333 20.29 34.29 764.833333333333 70
"65" 19.5 34 19.5 33.26 757.3 60
"66" 21.3566666666667 37.8266666666667 20.2 40.4666666666667 755.5 100
"67" 19.6666666666667 37.7 22.29 32.86 763.1 70
"68" 20.5 43.678 23 37.7 761.033333333333 160
"69" 20.29 32.8266666666667 21 31.5666666666667 764.8 50
"70" 21.89 44.49 21.3233333333333 44.79 749.9 470
"71" 18.89 41.6266666666667 18.79 41.1633333333333 734.45 60
"72" 19.9633333333333 38.5666666666667 19.7 34.2 761.5 120
"73" 17.5 39.7233333333333 21.5333333333333 33.7 746.666666666667 120
"74" 18.5666666666667 40 21.2675 36.10875 748.85 60
"75" 18.76 39.93 19.73 36.9 759.466666666667 60
"76" 18.7 38.1266666666667 21.2 32.4 758.216666666667 60
"77" 18.7 40.1633333333333 20 35 761.9 50
"78" 21.2 40 21.5 38.7233333333333 751.366666666667 100
"79" 18.79 37.6633333333333 20.6666666666667 34.2 765.6 20
"80" 20.5 41.79 18.89 42.6266666666667 746.3 60
"81" 20.3566666666667 42.3266666666667 21.39 42.59 739.95 370
"82" 23.1 44.036 24.89 43 756.066666666667 70
"83" 20.89 40.05 20.5 38.59 750.266666666667 80
"84" 21.39 38.6333333333333 21.5 37.79 752.5 50
"85" 19.5 43.8266666666667 16.6666666666667 45.79 762.216666666667 110
"86" 17.7 43 17.5 40.29 754.3 40
"87" 19.89 35.6266666666667 20.39 34.79 742.3 80
"88" 17.2633333333333 39.8 19.73 32.29 766 160
"89" 19.39 42.23 20.89 37 755.85 20
"90" 20.9633333333333 38.6566666666667 21.5333333333333 39.4633333333333 765.15 90
"91" 18.79 35.7 19.1333333333333 33.4 754.1 50
"92" 17.79 41 20.8233333333333 36.36 754.35 40
"93" 18.39 44.06 19.79 38.7 753.616666666667 370
"94" 18.1 44.29 20.1 37.9 752.25 50
"95" 21.1 37.8266666666667 22.8328571428571 34.8371428571429 760.033333333333 70
"96" 18.5 46.745 18.2 48 755.35 40
"97" 20.5 36.8266666666667 20 37.76 759.3 610
"98" 18.79 40.09 21.956 33.856 763.15 30
"99" 19.6 44.6633333333333 22 39.7 751.6 50
"100" 20.2 38.3266666666667 19.89 39.4 758.85 700
"101" 19.7 39.8633333333333 20.6333333333333 39.53 751.6 80
"102" 18 41.5 18.29 42.1266666666667 751.55 40
"103" 20.2 34.76 20.39 35.03 757.666666666667 50
"104" 19.5 38.1633333333333 18.89 35.7 760.3 240
"105" 26.3566666666667 29.9966666666667 24.29 35.4666666666667 753.75 80
"106" 21 39.2257142857143 23.2225 36.8175 760.55 50
"107" 19.7266666666667 43.33 20.79 39.09 752.566666666667 60
"108" 22.4633333333333 31.86 22.865 32.7 764.7 130
"109" 20.7 42.26 20.1333333333333 43.53 738.766666666667 40
"110" 21.8233333333333 35.4666666666667 22.89 33.8633333333333 757.3 50
"111" 18.79 39.73 21.1666666666667 37.9 769.4 20
"112" 22.0666666666667 50.2 23.39 45.4 755.1 60
"113" 21.7 43.79 20.2 48.4 761.8 30
"114" 21.23 42.6266666666667 22.79 37.5 751.3 180
"115" 21.2 45.79 20.29 49.2 758.7 40
"116" 18.2 46.6333333333333 21.4266666666667 38.6933333333333 754.033333333333 80
"117" 19.4266666666667 39.4 20.89 34.79 766.616666666667 60
"118" 19.79 37.5814285714286 19.1 35.3685714285714 739.266666666667 70
"119" 20.89 44 19.6333333333333 47.03 754.6 40
"120" 19.6633333333333 36.6633333333333 20.5666666666667 35.1633333333333 769.7 100
"121" 19.9266666666667 43.2 18.39 44.7 762.3 30
"122" 22.456 42.79 23.79 41.93 748.4 290
"123" 20.9633333333333 44.76 21.5 41.29 752.433333333333 410
"124" 22 42.4333333333333 20.79 44.8333333333333 765.05 60
"125" 19.1 35.79 19.7 34.16 760.6 90
"126" 20.2 39.29 21.2 37.1633333333333 753.35 120
"127" 23.272 32.678 23.89 33.56 761.366666666667 90
"128" 21.2 34.6633333333333 20.1 37.26 759.6 80
"129" 25.39 37.134 24.7 40.7 756.15 470
"130" 23.1 39.9 24.2 39.8633333333333 758.05 80
"131" 19.29 42.4633333333333 19.2 40.8666666666667 744.633333333333 110
"132" 18.2 39.7 21.1 35.29 750.35 60
"133" 22.5 41.59 23.4266666666667 41.4633333333333 759.55 100
"134" 20.29 42 21.6 38.5 750.6 50
"135" 20 44.59 21.26 44.1633333333333 752.633333333333 40
"136" 20.5 34.2 21 33.6266666666667 769.116666666667 40
"137" 21.2 37.7966666666667 20 39.6266666666667 755.5 120
"138" 19.6 38.9 20.29 37.2675 758.35 140
"139" 19.2 44.9 18.89 46.73 757.366666666667 60
"140" 19.89 39.6633333333333 22.245 37.29 759.566666666667 60
"141" 22.3233333333333 35.29 22.89 34.156 759.516666666667 120
"142" 19.2 38.5 20.79 33.7 762.1 80
"143" 20.4633333333333 37.7 20.89 39.26 764.7 280
"144" 20.2 41.02 18.6 41.09 740.05 80
"145" 19.2 38.5 22 32.09 759.1 60
"146" 17.79 40.2 17.6 37.1 758.05 480
"147" 19.5333333333333 33.36 20.2 32.03 751.3 80
"148" 18 36.9666666666667 19.4266666666667 33.03 759.85 40
"149" 20.1 39.9666666666667 20.1333333333333 37 761.3 80
"150" 19.5666666666667 36.59 19.9266666666667 35.3266666666667 771.5 70
"151" 17.79 38.76 17.89 37.26 755.666666666667 60
"152" 19.5 43 17.7 47.2 765.333333333333 20
"153" 19.7 41.73 21.2 38.3633333333333 756.2 60
"154" 19.9966666666667 42.1566666666667 21.79 38.29 762 40
"155" 20.1 39.4 21.2 37.26 753.516666666667 120
"156" 17.29 36.5 18 36.9 764.3 50
"157" 20.1333333333333 43.5 19.7 45.9 758.5 40
"158" 20.39 40 19.89 38.4 756.9 70
"159" 17.39 39.4 17.5 38.29 759.066666666667 30
"160" 20.96 40.56 20.7 39.5666666666667 754.6 440
"161" 23.4633333333333 40.6566666666667 23.29 41.53 751.45 70
"162" 18.39 40 20.8933333333333 37.6633333333333 744.1 60
"163" 19.39 41.73 20.5333333333333 40.03 754.55 110
"164" 17 39.76 19.5 33.9 768.4 50
"165" 19 37.9 19.6 36.3633333333333 743.2 40
"166" 19.1666666666667 36.8266666666667 18.6 35.845 755.3 60
"167" 20 43.9333333333333 21.8266666666667 43.5 753.766666666667 70
"168" 20.8328571428571 37.4428571428571 20 35.0225 748.9 50
"169" 17.79 38.3266666666667 20.245 34.7225 755.383333333333 50
"170" 20.89 43.1266666666667 19 40.9333333333333 746.883333333333 80
"171" 17.8566666666667 44.3333333333333 21.6 36.2071428571429 761.366666666667 50
"172" 18.125 43.975 20.39 38.4333333333333 754.066666666667 60
"173" 21.39 41.56 20.89 39.1266666666667 754.6 100
"174" 19.1333333333333 40.9 19.6333333333333 41.03 756.733333333333 520
"175" 20.5 40.99 20.3566666666667 42.1266666666667 753.633333333333 70
"176" 18.89 46.2 19.6 42.59 751.75 40
"177" 18.39 43.79 18.7 44.2 750.8 50
"178" 21.8233333333333 39.76 22.1 38.79 750.7 130
"179" 19.4633333333333 38.3 21.0333333333333 34.2266666666667 756.866666666667 100
"180" 18.2 39.245 21.6 32.5 758.266666666667 50
"181" 25.1 46.6685714285714 25.5 44.356 744.116666666667 120
"182" 18.1 39.8633333333333 18.9566666666667 37 748 80
"183" 22.73 43.53 20.89 48.1633333333333 764.466666666667 100
"184" 19 45.5 18.7 47.09 757.466666666667 40
"185" 19.29 44.2 19.7 40.59 749.7 50
"186" 21.2 43.53 20.79 45.79 764.933333333333 40
"187" 20.6 39.3266666666667 22.5 35.2 756.933333333333 50
"188" 21.8566666666667 43.09 21.29 44.9333333333333 749.3 80
"189" 17.7 39.3966666666667 19.5333333333333 34.4666666666667 754.45 70
"190" 17.5 40.09 20.29 33 766 60
"191" 21.3566666666667 47.4 23.2 43.95 757.05 50
"192" 18.9633333333333 34.1266666666667 19.29 32.73 759.85 50
"193" 22.625 36.83125 23.23 35.2666666666667 761.433333333333 330
"194" 21.89 44.7 21.5 49.09 759.6 50
"195" 17.1 41 19.1 36.2 755.9 30
"196" 17.89 37.5266666666667 17.89 36.4 759.75 50
"197" 24.5857142857143 47.6657142857143 25.66 46.09 745.45 80
"198" 19.8233333333333 41.23 19.1666666666667 43.2 748.6 50
"199" 19.2 36 19.39 34.6 751.766666666667 210
"200" 21 42.7666666666667 20.79 38.23 754.05 100
"201" 19.89 32.7233333333333 19.79 32 762.666666666667 60
"202" 21.1333333333333 37.4666666666667 20.7 39.4333333333333 749.9 160
"203" 19.39 38.2233333333333 19.1333333333333 36.56 760.516666666667 310
"204" 18.6 42.59 20 38.1266666666667 758.3 50
"205" 21.5 42.79 21.39 45.3266666666667 758.5 30
"206" 21 31.6333333333333 21.8566666666667 31.4633333333333 764.566666666667 90
"207" 19.5666666666667 39.73 19.39 38.76 740.8 110
"208" 22.1 36.4 22 37 765.6 50
"209" 20.29 41.5 22.39 38.9333333333333 760 50
"210" 19.2 40.4666666666667 19.89 38.3633333333333 762.35 70
"211" 18.89 40.4 19.865 37.925 760.9 50
"212" 19.5 42.8266666666667 21.6 39.9 750.166666666667 60
"213" 19.7 43.06 21.79 39.3266666666667 756.583333333333 50
"214" 19.5333333333333 37.4 21.5 32.57875 757.833333333333 110
"215" 18.2 42.86 19.79 38.59 759.866666666667 80
"216" 17.2 39.59 16 38.9666666666667 760.5 30
"217" 16.89 38.6566666666667 17.2 37.56 759.15 50
"218" 18.39 41.4666666666667 20.73 39.73 736.5 90
"219" 20.89 43.5842857142857 23.1 38.7 753.8 50
"220" 21.5 43.7 23.3233333333333 40 749.033333333333 70
"221" 19.79 39.23 21.6 32.9333333333333 764.85 270
"222" 17.2 41.23 18.6933333333333 37.76 746.8 80
"223" 20.7736363636364 40.7 21.2 36.9666666666667 764.75 120
"224" 21.3566666666667 39.56 20 43.29 762.133333333333 40
"225" 21.1 43.9333333333333 19 44.9 740.966666666667 40
"226" 18.5 45.09 21.2 38 751.233333333333 40
"227" 18.4266666666667 45.1266666666667 21.2 38 751.266666666667 40
"228" 19.4633333333333 36.59 18.7 36.1633333333333 755.366666666667 50
"229" 25.89 42.0257142857143 24.7 45.59 755.2 100
"230" 25.1 27.53 23.2 32.79 766.633333333333 70
"231" 17.525 44.315 20 36.1333333333333 764.783333333333 70
"232" 21.5 44.9 21.2 45.03 749.45 90
"233" 22.1333333333333 42.76 19.1666666666667 44.4 742.6 20
"234" 18.7 36.26 19.39 34.9333333333333 766.7 60
"235" 20.3566666666667 38.09 20.1123456790123 40.1695061728395 754.366666666667 130
"236" 19.89 46.6633333333333 20.2 45.59 750.9 60
"237" 16.89 39.9 19.39 33.7 768.4 30
"238" 20.8233333333333 41.29 21.87 41.925 753.866666666667 190
"239" 17.7 40.3333333333333 19.5 34.7 754.6 70
"240" 21.1 44 19 44.9333333333333 741.05 50
"241" 19.4266666666667 37.79 20.1333333333333 33.2 749.65 40
"242" 17.39 40 17.79 37.09 744.633333333333 50
"243" 20.5 38.29 22.5 34.59 755.466666666667 60
"244" 18 36.09 18.79 33.59 755.2 40
"245" 19.23 41.23 18.7 41.93 749.466666666667 50
"246" 18.79 37.3633333333333 18.5666666666667 35.59 761.166666666667 610
"247" 19.3566666666667 33.3633333333333 20.79 33.09 764.75 50
"248" 21 44.79 22.22 40.7166666666667 744.7 100
"249" 17 40.23 15.89 39.5 760.3 20
"250" 21.2 42.1566666666667 20.2 40.6566666666667 751.35 90
"251" 19.39 35.09 20.39 33.5 753.65 120
"252" 19.23 39.59 20.1 34.79 762.566666666667 60
"253" 21.2 39.2 22.79 39.1633333333333 760.45 50
"254" 20.7 35.1266666666667 21 33.36 767.8 180
"255" 17.73 38.4 20.23 34.6266666666667 755.4 50
"256" 21.1333333333333 40.2666666666667 18.2 44.4666666666667 754.8 80
"257" 21.65 41.09 20.1 41.09 745.95 90
"258" 19.39 37.9 18.29 35 750.7 90
"259" 21.29 54.7666666666667 21.89 38.5642857142857 748.333333333333 110
"260" 17.76 36.6633333333333 19.8233333333333 32.4333333333333 755.433333333333 50
"261" 20.39 47.2 18.79 49.2 758.466666666667 50
"262" 23.5333333333333 38.1633333333333 24.29 37.4 751.7 60
"263" 18.0666666666667 39.56 19.5 35.26 755.1 40
"264" 21.7 36.4333333333333 20.79 38.59 750.5 70
"265" 18.5 43.4666666666667 19.89 38.59 753.266666666667 60
"266" 24.39 36.7 23.7 39 755.3 100
"267" 20.1 43.8175 18.6 46.8 767.75 280
"268" 20.0333333333333 35.9 22.6 33 764.5 30
"269" 22.1666666666667 40.4 19.2 40.4 738.1 100
"270" 18.7 39.1633333333333 18.365 37.8175 758.75 30
"271" 21.89 44.7771428571429 23.89 42.9 758.083333333333 80
"272" 19.39 42.2 20.0933333333333 43.3333333333333 748.95 120
"273" 20.5 39.56 22.39 35.134 756.983333333333 60
"274" 21.6333333333333 33.1266666666667 22.412 33.876 762.283333333333 70
"275" 20.29 46.26 21.0333333333333 43.9 748.5 60
"276" 19 45.8633333333333 19.6 42.29 751.9 60
"277" 19.29 33.4 19.5 32.7 759 40
"278" 20.39 38.9666666666667 22.5 37.09 759.6 40
"279" 20.89 39.3333333333333 21.1666666666667 37.6566666666667 764.6 100
"280" 21.89 28.5233333333333 22.7 30.872 765 300
"281" 16.5 40.1633333333333 19.29 34.2 769.2 40
"282" 20.8566666666667 40.7233333333333 21.0333333333333 42.6266666666667 762.8 70
"283" 22.5 40.4 24.1 37.59 751.7 50
"284" 17.5 39.4 17.6 38.23 758.966666666667 50
"285" 19.6 36.0666666666667 20.2 35.06 742.433333333333 80
"286" 19.7 43.1266666666667 18.39 44.9666666666667 762.066666666667 50
"287" 22.29 43.4666666666667 20.6 49.7266666666667 759.366666666667 70
"288" 22.0333333333333 36.23 22 37 765.6 50
"289" 18.29 37.59 18.5 36.2 758.9 20
"290" 20.1 40.2 19.79 40.29 741.2 150
"291" 18.5333333333333 39.23 20.29 36.545 755.55 50
"292" 20.76 41.3266666666667 22.2333333333333 43.7666666666667 759.1 90
"293" 18.1333333333333 41.79 18.79 36.53 757 120
"294" 25.745 29.85 24.2 35 753.45 70
"295" 20 39.9 22.6 35.2225 759.7 340
"296" 19.29 44.79 19 46.26 760.9 50
"297" 19.5 42.1633333333333 19.39 37.9 738.6 110
"298" 19.6 39.7 20.29 37.4 758.9 50
"299" 21.29 45.36 21.0333333333333 47.2666666666667 756.35 50
"300" 21.5666666666667 39.36 18.745 45.295 748.1 90
"301" 23.7 30.5666666666667 22.9633333333333 32.4 758.1 110
"302" 21.6666666666667 36.4 20.79 38.4 750.35 60
"303" 19.2 45.245 19.29 46.79 740.966666666667 30
"304" 18.2 42.8633333333333 19.6666666666667 37.76 761.2 70
"305" 21 39.5 19.7 43.2 762.35 60
"306" 18 41.5 19.5 37.09 764.066666666667 40
"307" 24.7 46.2 25.2 44.7257142857143 744.333333333333 50
"308" 17.6 39.9666666666667 18 36.9 744.4 60
"309" 21.3233333333333 32.06 22.89 32.54 764.5 110
"310" 18.73 38.7 21.85 32.156 759 60
"311" 18.9633333333333 38.53 21.89 32.09 759.1 60
"312" 20.6 44.06 21.39 42.7233333333333 753.4 70
"313" 21.0333333333333 40.29 21 38.5 744.45 70
"314" 20.3566666666667 45.03 21.3233333333333 41.8266666666667 753.8 50
"315" 17.89 41.36 19.5 36.9333333333333 759.966666666667 40
"316" 20.9266666666667 39.8 22.4214285714286 32.4714285714286 757.866666666667 140
"317" 21.79 42.7 21 45.79 765.2 50
"318" 22.1 32.26 21.1 34.9333333333333 765.3 110
"319" 24 30.8233333333333 23.4266666666667 34.1933333333333 765.75 50
"320" 24.5 36.5 23.6 39.23 754.866666666667 80
"321" 19.6 38.29 18.89 35.59 760.3 220
"322" 18.7 37.8633333333333 20.6 34.2 765.566666666667 30
"323" 23.2 46.0266666666667 25.29 42.7 751.5 80
"324" 25.3933333333333 37.0566666666667 23.1 40.3633333333333 752.9 50
"325" 18.89 35.4666666666667 19.5 33.56 751.8 100
"326" 22.434 45.156 24.5 42.1266666666667 755.7 60
"327" 18.6333333333333 42.23 20.7 37.09 756.216666666667 80
"328" 18.1 46.59 17.89 47.6633333333333 761.033333333333 50
"329" 21.2 37.73 21.29 37.5 753.116666666667 100
"330" 21.2 43.8266666666667 21.4633333333333 38.09 751.3 100
"331" 21.89 39.6633333333333 18.6 47 753.716666666667 140
"332" 20.5 34.1633333333333 21 33.7 769.2 40
"333" 21.9266666666667 40.1333333333333 19.89 43.73 748.683333333333 750
"334" 16.3566666666667 43.23 15.3 42.4333333333333 766.6 50
"335" 18.89 41.29 19 40.9666666666667 755.833333333333 40
"336" 22 38.9666666666667 23.7 36.7 752.466666666667 60
"337" 20.2 43 20.6333333333333 44.73 764.65 40
"338" 19 37.86 17.4566666666667 38.7966666666667 761.45 400
"339" 22.7 50.59 24 46.9333333333333 751.45 100
"340" 20.5 47 21.6 43.5 749.066666666667 70
"341" 17.29 36.2 18.1566666666667 36.4 764 230
"342" 20.3566666666667 37.86 21.26 36.6633333333333 746.5 60
"343" 26.4371428571429 41.3842857142857 24.7 46.09 755.8 80
"344" 21.29 41.29 20.5 43 743.783333333333 40
"345" 25.4214285714286 36.09 24.5 39.8266666666667 756.5 50
"346" 20.5 43.7 21.9266666666667 40.4 752.1 80
"347" 18.8233333333333 41.09 18.79 42.1266666666667 748.85 260
"348" 19 42.4666666666667 20.1 38.56 754.633333333333 60
"349" 19.0333333333333 45.03 19.7 41.5 752.133333333333 70
"350" 23.1 30.445 23.29 32.29 764.5 130
"351" 18.6 40.4333333333333 20.79 36.29 758.4 60
"352" 17.5 37.03 19.79 32.59 755.033333333333 50
"353" 21.3566666666667 34.5266666666667 21.5 35.1566666666667 765.55 170
"354" 21.6333333333333 46.73 23.6 42.59 759.616666666667 50
"355" 21.0333333333333 40.53 20.29 42.1633333333333 747.633333333333 50
"356" 20.075 43.0675 19.89 41.09 748.816666666667 60
"357" 19.29 40.3333333333333 21.29 37.634 748.783333333333 60
"358" 20.5 42 19.6 43.46 731.166666666667 120
"359" 17.2 41 18.39 37.09 741.55 50
"360" 18.2 41.495 21.6 35.218 764.233333333333 40
"361" 18.39 44.2 17.89 44.4 765.75 40
"362" 19 44.09 20.79 39.59 751.683333333333 110
"363" 19.5 37 19.6 35.29 745.166666666667 50
"364" 20.0666666666667 34.1966666666667 21 33.5 766.6 310
"365" 19.89 47.2 21.39 42.79 748.9 70
"366" 20.5333333333333 43.7 22 40.4 752.116666666667 70
"367" 19.29 44.09 19.7 40.5 750.1 50
"368" 24.4324324324324 46.5289189189189 24.0243243243243 46.6478378378378 752.033333333333 60
"369" 18.65 39.645 21.56 33.776 757.966666666667 70
"370" 19.90375 37.45 20.7 34.9428571428571 750.016666666667 80
"371" 19.2 44.59 20.76 41.5 753.7 60
"372" 23.0285714285714 49.5257142857143 25.1 45 745.75 60
"373" 21.76 38.6933333333333 21.2 38.9 743.866666666667 110
"374" 21.89 46.2 23.5 42.73375 759.5 50
"375" 16.7 41.1333333333333 19.6 33 766 60
"376" 20.03 43.1933333333333 21.1 39.9633333333333 739.8 170
"377" 16.7 40.8 19.6 32.845 766 70
"378" 18.3566666666667 39.5 21.6 33 763.433333333333 30
"379" 19.0285714285714 38.59 19.0714285714286 36.1685714285714 739.352380952381 50
"380" 18.3233333333333 41.5 19.7 37.59 763.733333333333 50
"381" 17.89 43 22.29 35.79 760.6 30
"382" 18.9633333333333 41.4666666666667 19.7 38.4666666666667 737.75 270
"383" 20.7 43.3266666666667 21.5 41.2 762.066666666667 230
"384" 21.29 36.73 22.79 34 757.1 60
"385" 22 43.7 23.29 42.29 757.75 130
"386" 19.8566666666667 42.26 20.6 42.56 761.4 470
"387" 19.79 31.9266666666667 20.5 31.6666666666667 756.2 200
"388" 17.1 42.5 15.69 46.4 767.783333333333 30
"389" 21.6 45.29 21 48.79 759.466666666667 50
"390" 22 46.7 23.9266666666667 43 759.733333333333 60
"391" 17.39 39.5 19.6 34.09 768.7 20
"392" 20.89 44.79 22.2 40.51 744.55 100
"393" 17.7 39.2 17.8233333333333 37.59 755.166666666667 50
"394" 20.7633333333333 34.1966666666667 20.79 33.0333333333333 768.4 80
"395" 19.1333333333333 41.9 20.29 38.59 747.833333333333 60
"396" 18.79 37.3266666666667 19.1 35.9 757.3 50
"397" 18.8233333333333 35.59 18.5666666666667 36.56 763.966666666667 40
"398" 20.2 38.29 19.89 39.29 758.9 430
"399" 17.23 38.8266666666667 19.5 33.7233333333333 754.233333333333 60
"400" 24.2 41.5 24.5 41.9 755.75 90
"401" 19.0666666666667 35.9666666666667 19.4633333333333 34.43 751.8 200
"402" 22.0666666666667 46.7233333333333 23.1 38.3266666666667 751.033333333333 300
"403" 23.0220779220779 39.0233766233766 23.8224675324675 39.0948051948052 757 50
"404" 18.4633333333333 39.06 19.3233333333333 38.5 756.2 30
"405" 22 38.9333333333333 20.0666666666667 43 758.883333333333 160
"406" 20.4266666666667 44.73 19.5 47.9 760.1 60
"407" 22.79 42.29 19.79 50.2675 759.666666666667 570
"408" 23.5135714285714 35.6714285714286 24.1614285714286 38.2285714285714 756.2 160
"409" 19.29 44.4666666666667 20.1333333333333 45.76 763.05 40
"410" 19.5666666666667 37 20.1 35.2 760.833333333333 50
"411" 18.2 41.4 18.89 38.29 756.966666666667 30
"412" 19.76 37.9333333333333 20.7 36.8027777777778 751.933333333333 70
"413" 19.79 35.03 20.39 33.09 751.233333333333 40
"414" 19.2 45.1566666666667 16.39 47.59 752.3 50
"415" 19 45.09 19.1 45.3633333333333 742.216666666667 60
"416" 18.5333333333333 45.09 20.5 38.76 752.466666666667 60
"417" 19.1 38.1266666666667 21.23 36.23 755.766666666667 40
"418" 19.5 36.73 18.9633333333333 34.9 762.95 40
"419" 19.2 45.09 19.0666666666667 46.76 761.6 40
"420" 18.29 42.26 19.89 38.9 759.1 60
"421" 21.79 41.09 19.29 46.7666666666667 749.3 120
"422" 18.39 47.09 18.0666666666667 48.43 758.8 50
"423" 24.35 48.7 25.39 46.156 745 60
"424" 20.7 43.0666666666667 21.39 41.06 761.8 270
"425" 16.9633333333333 39.79 19.5 34.5 768.333333333333 30
"426" 17.1 39.9333333333333 19.89 34 755.4 270
"427" 19.1333333333333 42.8633333333333 19.6 43.03 743.883333333333 30
"428" 19.73 43.2 18.39 44.9 762.033333333333 50
"429" 17.5333333333333 39.56 20.4266666666667 35.1266666666667 750.933333333333 70
"430" 23.7 35.6633333333333 21.79 37.4666666666667 753.2 60
"431" 22 33.72 24.2 31.39 759.8 80
"432" 21.4266666666667 43.6266666666667 21.2266666666667 47.39 753.933333333333 100
"433" 20.39 44.23 22.8566666666667 39.8633333333333 749.733333333333 40
"434" 21.29 35.43 20.89 34.8725 748 50
"435" 22.79 44.3671428571429 24.79 42.3633333333333 755.866666666667 60
"436" 17.2 39.5 17.39 38.29 758.933333333333 50
"437" 18.5 44.23 19.7 39.29 753.9 60
"438" 19.2 38.3 21.1 34.095 756.6 100
"439" 19.39 45.73 21.1 41.09 754.283333333333 60
"440" 18.5333333333333 39.2 18.89 39.09 739.85 50
"441" 18.6 39.76 21.89 34.7128571428571 764 50
"442" 24.23 37.6266666666667 23.39 39.1633333333333 752 60
"443" 19.1 38.59 22.39 33.09 764.1 50
"444" 17.79 36.29 18.6666666666667 33.1333333333333 756.6 50
"445" 17.89 40.4333333333333 21.1 33.4 763.05 50
"446" 22.2 47.4333333333333 22.2 46.16 749.066666666667 280
"447" 16.2 44.4 15.19 44 770.1 150
"448" 16.2 43.76 15.2633333333333 43.0266666666667 768.4 210
"449" 19.29 39.03 20.39 36.7966666666667 761.7 60
"450" 20.4666666666667 33.4233333333333 21 32.9666666666667 767.6 690
"451" 22.5 40.6266666666667 24.1 37.73 751.566666666667 50
"452" 20.23 46.1266666666667 22.29 41.1266666666667 752.1 90
"453" 20.1666666666667 41.3266666666667 21.2 38.45 750.633333333333 80
"454" 19.6333333333333 32.5666666666667 21.79 32.06 764.1 600
"455" 17.2 37.99 19.5 33.09 754.283333333333 70
"456" 20 35.29 20 34.1266666666667 770.55 50
"457" 21.73 43.79 19.39 45.26 744.9 90
"458" 18 44.79 21 37.6528571428571 751.766666666667 50
"459" 22.814 32.216 24.5633333333333 31.26 758.7 110
"460" 18.4266666666667 40.56 20.9266666666667 34.09 766.35 30
"461" 23.4971428571429 45.8971428571429 24.29 43.4 756.1 90
"462" 19 33.5266666666667 20.5 33.06 764.8 100
"463" 20.39 39.4 21.2 36.4 753 130
"464" 21.7 38.4333333333333 21.6 38 752.666666666667 50
"465" 21.5666666666667 41.09 20.79 43.2 744.633333333333 30
"466" 18.9266666666667 44.6633333333333 16.7 45.7 762.25 80
"467" 17.5 41.4 20.6 34.5 748 70
"468" 19.0666666666667 34.9 19.23 33.53 757.25 60
"469" 19.5 33.3266666666667 20.1666666666667 32.09 751.3 80
"470" 20.1666666666667 37.86 21.7 34.4571428571429 757.3 70
"471" 18.5 40 21 35.59 753.583333333333 70
"472" 19.9266666666667 36.79 22.5 32.9 763.4 50
"473" 18.5666666666667 40.8266666666667 20.1666666666667 38.29 760.35 50
"474" 21.6666666666667 44.09 21.26 45.1633333333333 749.35 110
"475" 21 42.29 23.1 38.4333333333333 754.5 50
"476" 20.6 39.59 20 38.7 755.983333333333 60
"477" 19 41.8866666666667 19.29 42.73 746.2 40
"478" 22.9203896103896 39.7168831168831 23.7523376623377 39.274025974026 757 50
"479" 19.1 43.79 19.79 40.4 752.85 60
"480" 21.9685714285714 44.4571428571429 23.79 42.9666666666667 758.016666666667 80
"481" 18.1 39.03 21 32.79 757.9 70
"482" 18.43 39.1333333333333 19.79 33.9 762 110
"483" 18.5666666666667 39.1266666666667 21.7 32.9 763.7 50
"484" 17.29 43.76 17.1 43.5 764.233333333333 40
"485" 17.79 39.2 20.6 33.4 763.6 40
"486" 19.9266666666667 45.4 21.2 41.4 754.033333333333 60
"487" 18.89 36.09 19.89 35.9 755.7 60
"488" 19.8566666666667 41.59 21.1 40 754.266666666667 20
"489" 21.29 41.43 21.1 42.2 753.133333333333 100
"490" 24.0333333333333 30.1233333333333 22.4266666666667 31.8 762.866666666667 390
"491" 19.89 40.59 19.2 41 743.05 110
"492" 19.7 36.4666666666667 21.6 32.59 763.566666666667 80
"493" 17.1666666666667 44.5 16.79 44.3266666666667 763.6 40
"494" 21.1666666666667 36.2 20.5 37.3633333333333 760.766666666667 80
"495" 18.5 39.9333333333333 21.79 34.79 764 40
"496" 18.6 39.09 20.39 36.5 755.5 50
"497" 18 40.9633333333333 20.6 34.054 755.166666666667 70
"498" 21.39 38.23 22.7 35.4 756.7 110
"499" 19.7 33.56 19.79 31.6 762.4 290
"500" 19.6 37.3266666666667 20.2 35.3266666666667 761.166666666667 40
"501" 17.7 39.56 20.736 33.2 756.733333333333 70
"502" 17.29 40.4 19.79 34.79 755.65 90
"503" 21.1666666666667 48.2 23.0666666666667 44.06 756.433333333333 60
"504" 20.1666666666667 34.79 20.29 35 757.633333333333 40
"505" 20.2 42.3633333333333 20.5 44.7 758.7 230
"506" 28.2385714285714 27.9228571428571 23.79 35.9333333333333 752.433333333333 250
"507" 19 41.29 19.26 40.5 746.75 60
"508" 21.5 34.3 22.58 33 757.3 70
"509" 17.5 43.9 17.2 43.4333333333333 764.8 50
"510" 17.6666666666667 40 19.2 37.4 771.1 50
"511" 23.1746103896104 37.9831168831169 23.9276623376623 38.825974025974 756.95 50
"512" 19 42.4333333333333 19.2 42.56 744.283333333333 60
"513" 22.6 43.8633333333333 20.6 48.9 763.816666666667 110
"514" 23.89 37.8266666666667 24.3566666666667 39.9933333333333 758.15 480
"515" 20.2 38.7 23.6 34.2 761.033333333333 60
"516" 17.1 39.7 18.89 36.59 747.233333333333 50
"517" 22.29 34.4333333333333 22.89 33.4 757.45 50
"518" 18.29 44.29 20.1 38 752.133333333333 50
"519" 16.7 40.2 17.39 37.26 745.55 40
"520" 21.0666666666667 46.56 19.1 49.5 756.433333333333 40
"521" 21.2 36.5666666666667 21.39 35.6566666666667 764.8 40
"522" 20.7 34.2 21.0666666666667 34.6266666666667 769.45 70
"523" 19 39.79 21.39 37.3685714285714 749.2 40
"524" 19.4633333333333 41.5 20.6 40.03 754.4 80
"525" 22.29 37.6333333333333 22.2 38.76 750.85 170
"526" 20.0333333333333 41.3266666666667 21.6333333333333 42.09 753.85 450
"527" 19.2 45.09 19.1 46.59 762.033333333333 50
"528" 19.1 41.06 21.6 38.53 758.5 280
"529" 24.6207207207207 45.3737537537538 24.0738738738739 46.1830630630631 752.85 80
"530" 20.4633333333333 44.3333333333333 21.6 40.3685714285714 745.75 180
"531" 21.1 36.4666666666667 20.23 37.1933333333333 760.95 90
"532" 19.745 37.845 20.89 34.8633333333333 762.5 60
"533" 18.39 41.2 18.6 41.59 754.3 30
"534" 20.89 44.5 22.3566666666667 45.4666666666667 753.883333333333 40
"535" 19.9633333333333 36.4633333333333 22.6 34.2 763.033333333333 50
"536" 19 45.7 19.6 42.2 751.966666666667 60
"537" 17.73 40.7 20.79 33.29 763.5 50
"538" 19.5666666666667 39.2666666666667 20.865 34.6725 766.633333333333 70
"539" 19.5666666666667 38.73 19.0666666666667 38.56 743.3 70
"540" 18.79 37.59 20.7 34.2 765.666666666667 50
"541" 24.4685714285714 48.0642857142857 25.39 46.6725 749.066666666667 100
"542" 20.89 42.7257142857143 23.1 38.56 753.933333333333 70
"543" 21.6 47.4 23.6 42.6633333333333 759.6 40
"544" 24.1666666666667 37.53 23.5 39.4333333333333 750.066666666667 80
"545" 18 47 21.1333333333333 36.53 764.5 50
"546" 18.8233333333333 40.23 18.7 40.29 757.1 340
"547" 27.3757142857143 26.7371428571429 24.0325 34.78625 752.183333333333 80
"548" 17 39.6633333333333 18.6 34.4666666666667 744.4 100
"549" 21.5428571428571 46.6842857142857 23.29 43.7 757.75 50
"550" 22.6 40.79 24.0666666666667 38.4 751.65 40
"551" 19.29 44.79 19 46.1633333333333 760.8 50
"552" 21.3233333333333 43.6633333333333 22.29 41.1266666666667 748.516666666667 70
"553" 21.1 41.23 19.2 45.09 746.716666666667 130
"554" 18.5333333333333 39 20.29 34.79 761.8 50
"555" 20.39 43.29 19.7 45.9 749.033333333333 70
"556" 17.0333333333333 40.6666666666667 19.73 34.49 764.816666666667 30
"557" 24.39 48 25.6 46.09 745.4 70
"558" 16.6 43.4 19.2225 34.4975 744.45 70
"559" 20.8566666666667 40.4 20.5 38.76 751.2 90
"560" 20.5333333333333 45.6333333333333 18.5 46.43 759.4 390
"561" 19.89 37.76 21.8925 33.725 762.2 120
"562" 19 40.4 20 38 761.3 40
"563" 18.39 47.245 18.1 48.5 757.066666666667 30
"564" 21.39 33.2 21.89 32.29 765.35 50
"565" 20 34 18.9266666666667 34.79 756 70
"566" 20.9266666666667 41.3633333333333 21.5 42.29 740.7 100
"567" 23.89 43.56 25.7 41.9666666666667 752.9 50
"568" 23.8233333333333 36.9666666666667 23.39 38.4 749.266666666667 60
"569" 18.9266666666667 37.79 22 33.2 763.4 60
"570" 19.5 36.59 19.9175 35.4 771.6 70
"571" 20.7633333333333 47.0333333333333 21 44.79 749.85 120
"572" 20.89 44.29 20.3233333333333 46 764.55 40
"573" 18.89 42.59 19.79 38.3633333333333 758.016666666667 40
"574" 20.3566666666667 47.2333333333333 21.23 39.9566666666667 753.216666666667 140
"575" 18.0666666666667 39.26 18.89 38.29 756.35 40
"576" 20.2 44.7 22 40.2 744.5 50
"577" 19.39 39.6333333333333 21.7 34.76 756.6 70
"578" 20.8233333333333 42.23 21.5 41 761.5 310
"579" 21.934 43.79 23.3233333333333 42.3633333333333 757.766666666667 130
"580" 21.1 39.53 21 39.9 751.3 110
"581" 19.0666666666667 39.3633333333333 20.2 38.4 756.6 50
"582" 18.5 37.2 16.7 38.2 764.7 30
"583" 20.29 42.29 22.5666666666667 37.76 758.783333333333 40
"584" 19.79 41.6633333333333 21 39.8633333333333 754.25 40
"585" 18.3566666666667 38.09 19.9633333333333 33.29 749.7 50
"586" 28.1333333333333 39.06 25.79 44.2771428571429 747.933333333333 380
"587" 19.89 47.26 21.4633333333333 42.79 748.916666666667 50
"588" 17.0666666666667 41.6933333333333 19.9266666666667 35.2 767.333333333333 60
"589" 19.6 41.6633333333333 22 37.79 760.7 70
"590" 20.76 36.03 20.79 34.79 748 40
"591" 26.1 36.86 25.6666666666667 39.3633333333333 752.2 110
"592" 22.5 33.9666666666667 23 33.29 757.6 70
"593" 21.79 44.9 23 38 751 130
"594" 17.89 37.7 18.0666666666667 35.1633333333333 754.633333333333 50
"595" 19.3233333333333 33.1633333333333 19.5 32.7 758.9 30
"596" 20.29 44.6566666666667 21.29 42.26 749.95 80
"597" 18.39 45.7 18.2 45.79 765.3 40
"598" 18.39 40.23 19.89 34.7 754.866666666667 50
"599" 18.89 42.5 19.2 43.3633333333333 746.533333333333 50
"600" 21.03 39.03 21.3925 36.1175 758.1 40
"601" 21.73 46.3633333333333 23.5 42.736 759.6 210
"602" 17.6 40.5 19.5 34.9 766.4 50
"603" 20 41.4333333333333 21.1 40.09 754.3 30
"604" 26.2771428571429 42.9 25.66 43.9 744.1 70
"605" 20.5666666666667 43.7 23 40.2 749.4 60
"606" 20.4266666666667 44.73 19.6 45.9 746.916666666667 90
"607" 17.1 39.8266666666667 18.1 35.95 748 60
"608" 20.8233333333333 44.36 22.3566666666667 45.4 753.8 40
"609" 17.2 40.9333333333333 19.39 34.79 766.433333333333 40
"610" 18.9633333333333 41.59 18.79 41.2 734.366666666667 50
"611" 20.5 41.5633333333333 20.1666666666667 37.9233333333333 757.766666666667 380
"612" 24.6666666666667 32.5 22.9266666666667 37.06 764.133333333333 40
"613" 19.1 41.3266666666667 18.89 41.29 733.95 60
"614" 22.13 37.4566666666667 22.5 35.5 755.2 70
"615" 18.5 41.6633333333333 19.29 42.3633333333333 757.533333333333 50
"616" 20.29 36.3633333333333 22.2 33.2 764.366666666667 150
"617" 20.1 41.03 20.7 40.09 749.966666666667 90
"618" 18 40.3633333333333 20.39 33.79 763.2 30
"619" 22.4266666666667 41.2 19.39 42.1566666666667 737.383333333333 150
"620" 20.29 41.7666666666667 20.39 36.79 756.4 100
"621" 23.39 49.79 25.2 45.856 745.916666666667 50
"622" 18.6333333333333 40.3266666666667 20.79 36.29 758.416666666667 50
"623" 26.2 43.2128571428571 25.54 44.2 744.166666666667 60
"624" 20.6666666666667 41.3633333333333 18.6 43.09 754.8 50
"625" 16.89 39.9 20.36 35.8633333333333 745.333333333333 120
"626" 23.8233333333333 38.3266666666667 21.29 42.56 752.333333333333 60
"627" 22.1 36.3266666666667 22 37 765.6 50
"628" 16.7 42.495 19.7 34.76 764.7 330
"629" 20.0625 36.85875 21.75625 34.9 748.65 50
"630" 18.1 37.7 18.2 35.29 754.85 30
"631" 19.5666666666667 43.2 16.6666666666667 46.3633333333333 760.283333333333 50
"632" 17.5 40.59 19.2 35.29 753.083333333333 50
"633" 16.89 39.5 18.6 36.4 747.2 30
"634" 23.7 39.2 24.29 39.9633333333333 758.016666666667 120
"635" 18.89 44.5 20.39 41.59 754 40
"636" 17.89 40.03 18.89 36.29 740.2 50
"637" 26.2 33.3633333333333 24.2 38.2 758.533333333333 50
"638" 18.9266666666667 37.9 19 36.23 754.433333333333 50
"639" 20.37 38.254 23.73 33.9 760.7 50
"640" 20.76 43.53 20.39 40.8633333333333 753.9 80
"641" 20.2 40.79 20.745 38.8725 745.3 40
"642" 20.625 39.925 18.79 41 739.266666666667 60
"643" 20.1 38.1933333333333 21.7 33.4633333333333 765.1 120
"644" 20.23 39.2 21.2 37.09 753.183333333333 120
"645" 18.0666666666667 40.8633333333333 18.39 38.7233333333333 755.633333333333 40
"646" 18.76 39.8266666666667 21.1 35.79 753.033333333333 60
"647" 21.5 40.036 23.79 36.09 761.3 150
"648" 17 41.9666666666667 19.73 33.2 766 50
"649" 22.73 40.1933333333333 21.6 39.39 742.833333333333 110
"650" 17.39 41.9633333333333 15.69 46.5 768.183333333333 30
