56 65 18 56 69 58 53 61 70 50 55.9999999999923
73 41 31 61 78 78 75 83 73 78 73.0714285714192
81 60 100 71 69 66 91 74 100 90 89.9999999999949
83 73 84 90 90 86 81 54 96 89 88.2985177408584
56 80 76 40 43 49 62 38 52 86 67.2807017543792
79 83 76 59 67 75 80 79 87 35 75.9999999999968
92 67 58 80 90 95 93 100 100 100 92.4155844155763
99 69 99 91 100 84 100 100 92 96 96.0000000000103
84 73 61 88 95 81 88 84 83 80 82.1849731561366
9 52 0 37 12 8 0 10 9 10 9.99999999999269
61 45 74 84 56 63 76 60 60 45 62.6666666666706
15 0 6 20 7 18 22 14 14 13 13
20 11 9 0 7 24 50 21 20 18 17.9999999999917
44 39 57 19 41 42 23 44 44 39 42.3157894736803
72 78 72 77 68 59 89 71 71 87 72.1785714285668
81 95 81 73 85 79 74 79 81 90 80.999999999998
79 86 73 86 42 78 98 89 100 80 79.9999999999845
92 94 92 77 100 88 100 85 95 92 91.9999999999966
69 82 62 61 72 69 40 88 79 71 68.9999999999923
81 69 91 100 79 77 100 55 100 80 85.7368421052651
44 62 44 41 56 36 53 62 63 42 43.9999999999971
87 79 87 76 70 87 53 86 93 85 84.9999999999764
61 51 55 76 68 55 42 13 28 61 55.2142857142922
86 77 94 94 55 88 76 31 85 86 85.9999999999951
58 58 100 17 59 87 51 61 54 53 57.9999999999938
50 49 66 93 49 31 49 49 81 36 57.0526315789387
89 89 71 93 89 81 90 79 100 100 88.9999999999949
28 27 1 35 26 19 24 21 40 40 26.0714285714219
48 48 0 26 46 56 48 49 52 39 47.6103896103783
80 80 100 100 78 71 73 80 100 100 88.6621231643547
4 3 35 20 4 14 2 2 1 40 12.3333333333292
18 17 0 41 19 29 15 13 0 0 0.642857142853522
61 60 63 48 60 66 60 45 63 37 61.4210526315732
30 37 34 42 27 34 29 17 29 0 33.2738095238093
81 100 76 82 78 80 100 74 84 69 78.1428571428544
34 25 35 45 33 39 38 43 30 34 34.9404761904776
43 53 53 24 42 47 52 52 44 60 52.3771929824547
0 14 11 0 0 0 10 12 0 30 10.3771929824561
28 47 47 37 27 28 0 40 27 35 34.9999999999832
87 91 83 87 84 87 93 88 88 100 86.9999999999982
1 37 0 0 0 1 0 0 0 0 -5.06905628583354e-12
85 100 85 71 81 81 51 36 73 85 82.5087719298156
42 28 39 39 42 41 12 43 38 39 38.9999999999888
66 55 63 65 70 61 74 100 100 64 64.1492588704252
47 38 47 51 40 48 62 39 44 52 47.0357142857119
27 27 26 29 25 29 16 7 25 26 25.8690476190451
0 10 0 0 0 0 60 8 23 0 -8.22009127432466e-12
4 0 2 9 0 9 0 27 38 3 2.99999999999481
57 57 57 45 54 30 86 57 50 45 56.9999999999957
44 44 43 45 40 24 56 47 32 63 43.0714285714201
86 85 86 80 74 100 100 82 85 91 86.4999999999944
62 62 63 41 39 94 82 63 55 79 63.5119047618976
82 81 82 84 100 100 100 93 70 47 82.6428571428546
65 65 68 91 60 77 100 69 57 58 67.8214285714231
28 28 28 50 23 24 23 26 35 25 26.1358073748836
9 9 8 36 20 0 0 15 0 0 3.05325814535845
