0.56 0.65 0.18 0.56 0.69 0.58 0.53 0.61 0.7 0.5 0.69999681387275
0.73 0.41 0.31 0.61 0.78 0.78 0.75 0.83 0.73 0.78 0.729998943315241
0.81 0.6 1 0.71 0.69 0.66 0.91 0.74 1 0.9 0.999990114700764
0.83 0.73 0.84 0.9 0.9 0.86 0.81 0.54 0.96 0.89 0.959997843995002
0.56 0.8 0.76 0.4 0.43 0.49 0.62 0.38 0.52 0.86 0.519998154123712
0.79 0.83 0.76 0.59 0.67 0.75 0.8 0.79 0.87 0.35 0.869993673917871
0.92 0.67 0.58 0.8 0.9 0.95 0.93 1 1 1 0.999995304222822
0.99 0.69 0.99 0.91 1 0.84 1 1 0.92 0.96 0.920001878192196
0.84 0.73 0.61 0.88 0.95 0.81 0.88 0.84 0.83 0.8 0.830001999447459
0.09 0.52 0 0.37 0.12 0.08 0 0.1 0.09 0.1 0.0675009221661705
0.61 0.45 0.74 0.84 0.56 0.63 0.76 0.6 0.6 0.45 0.599999426402031
0.15 0 0.06 0.2 0.07 0.18 0.22 0.14 0.14 0.13 0.129999996292192
0.2 0.11 0.09 0 0.07 0.24 0.5 0.21 0.2 0.18 0.180000007009216
0.44 0.39 0.57 0.19 0.41 0.42 0.23 0.44 0.44 0.39 0.439999133269748
0.72 0.78 0.72 0.77 0.68 0.59 0.89 0.71 0.71 0.87 0.709999383162553
0.81 0.95 0.81 0.73 0.85 0.79 0.74 0.79 0.81 0.9 0.810000969308167
0.79 0.86 0.73 0.86 0.42 0.78 0.98 0.89 1 0.8 0.999977441843741
0.92 0.94 0.92 0.77 1 0.88 1 0.85 0.95 0.92 0.950000895713989
0.69 0.82 0.62 0.61 0.72 0.69 0.4 0.88 0.79 0.71 0.789997449275728
0.81 0.69 0.91 1 0.79 0.77 1 0.55 1 0.8 0.999993643593706
0.44 0.62 0.44 0.41 0.56 0.36 0.53 0.62 0.63 0.42 0.629997227936967
0.87 0.79 0.87 0.76 0.7 0.87 0.53 0.86 0.93 0.85 0.929992998901943
0.61 0.51 0.55 0.76 0.68 0.55 0.42 0.13 0.28 0.61 0.280007086590897
0.86 0.77 0.94 0.94 0.55 0.88 0.76 0.31 0.85 0.86 0.849991153587928
0.58 0.58 1 0.17 0.59 0.87 0.51 0.61 0.54 0.53 0.540001507075463
0.5 0.49 0.66 0.93 0.49 0.31 0.49 0.49 0.81 0.36 0.809989304001941
0.89 0.89 0.71 0.93 0.89 0.81 0.9 0.79 1 1 0.999995979568545
0.28 0.27 0.01 0.35 0.26 0.19 0.24 0.21 0.4 0.4 0.399991335348341
0.48 0.48 0 0.26 0.46 0.56 0.48 0.49 0.52 0.39 0.389999988568253
0.8 0.8 1 1 0.78 0.71 0.73 0.8 1 1 0.999993710506424
0.04 0.03 0.35 0.2 0.04 0.14 0.02 0.02 0.01 0.4 0.0100004836896358
0.18 0.17 0 0.41 0.19 0.29 0.15 0.13 0 0 0
0.61 0.6 0.63 0.48 0.6 0.66 0.6 0.45 0.63 0.37 0.629999039127169
0.3 0.37 0.34 0.42 0.27 0.34 0.29 0.17 0.29 0 0.289999787384394
0.81 1 0.76 0.82 0.78 0.8 1 0.74 0.84 0.69 0.839998310943088
0.34 0.25 0.35 0.45 0.33 0.39 0.38 0.43 0.3 0.34 0.300000925407778
0.43 0.53 0.53 0.24 0.42 0.47 0.52 0.52 0.44 0.6 0.439999510778736
0 0.14 0.11 0 0 0 0.1 0.12 0 0.3 0
0.28 0.47 0.47 0.37 0.27 0.28 0 0.4 0.27 0.35 0.270000631039432
0.87 0.91 0.83 0.87 0.84 0.87 0.93 0.88 0.88 1 0.879998854123868
0.01 0.37 0 0 0 0.01 0 0 0 0 0
0.85 1 0.85 0.71 0.81 0.81 0.51 0.36 0.73 0.85 0.73000233957331
0.42 0.28 0.39 0.39 0.42 0.41 0.12 0.43 0.38 0.39 0.3800008902342
0.66 0.55 0.63 0.65 0.7 0.61 0.74 1 1 0.64 0.999988982729198
0.47 0.38 0.47 0.51 0.4 0.48 0.62 0.39 0.44 0.52 0.439999070443616
0.27 0.27 0.26 0.29 0.25 0.29 0.16 0.07 0.25 0.26 0.250000081541754
0 0.1 0 0 0 0 0.6 0.08 0.23 0 0.0131995838482923
0.04 0 0.02 0.09 0 0.09 0 0.27 0.38 0.03 0.0299999986448299
0.57 0.57 0.57 0.45 0.54 0.3 0.86 0.57 0.5 0.45 0.500001129996058
0.44 0.44 0.43 0.45 0.4 0.24 0.56 0.47 0.32 0.63 0.320002222457115
0.86 0.85 0.86 0.8 0.74 1 1 0.82 0.85 0.91 0.849997070773274
0.62 0.62 0.63 0.41 0.39 0.94 0.82 0.63 0.55 0.79 0.54999543313381
0.82 0.81 0.82 0.84 1 1 1 0.93 0.7 0.47 0.700006682812756
0.65 0.65 0.68 0.91 0.6 0.77 1 0.69 0.57 0.58 0.570001346325166
0.28 0.28 0.28 0.5 0.23 0.24 0.23 0.26 0.35 0.25 0.349996226915139
0.09 0.09 0.08 0.36 0.2 0 0 0.15 0 0 0
