0.56 0.65 0.18 0.56 0.69 0.58 0.53 0.61 0.7 0.5 0.560703869778377
0.73 0.41 0.31 0.61 0.78 0.78 0.75 0.83 0.73 0.78 0.728187839466111
0.81 0.6 1 0.71 0.69 0.66 0.91 0.74 1 0.9 0.808674944486747
0.83 0.73 0.84 0.9 0.9 0.86 0.81 0.54 0.96 0.89 0.829318995433949
0.56 0.8 0.76 0.4 0.43 0.49 0.62 0.38 0.52 0.86 0.562107032218139
0.79 0.83 0.76 0.59 0.67 0.75 0.8 0.79 0.87 0.35 0.790297024035275
0.92 0.67 0.58 0.8 0.9 0.95 0.93 1 1 1 0.918433810006233
0.99 0.69 0.99 0.91 1 0.84 1 1 0.92 0.96 0.988154450707053
0.84 0.73 0.61 0.88 0.95 0.81 0.88 0.84 0.83 0.8 0.839255043375213
0.09 0.52 0 0.37 0.12 0.08 0 0.1 0.09 0.1 0.100000000000006
0.61 0.45 0.74 0.84 0.56 0.63 0.76 0.6 0.6 0.45 0.608992186349459
0.15 0 0.06 0.2 0.07 0.18 0.22 0.14 0.14 0.13 0.149455741545448
0.2 0.11 0.09 0 0.07 0.24 0.5 0.21 0.2 0.18 0.199494118119597
0.44 0.39 0.57 0.19 0.41 0.42 0.23 0.44 0.44 0.39 0.439658265032557
0.72 0.78 0.72 0.77 0.68 0.59 0.89 0.71 0.71 0.87 0.72045258364198
0.81 0.95 0.81 0.73 0.85 0.79 0.74 0.79 0.81 0.9 0.811100996506913
0.79 0.86 0.73 0.86 0.42 0.78 0.98 0.89 1 0.8 0.790529340023539
0.92 0.94 0.92 0.77 1 0.88 1 0.85 0.95 0.92 0.920146435328412
0.69 0.82 0.62 0.61 0.72 0.69 0.4 0.88 0.79 0.71 0.691029609686861
0.81 0.69 0.91 1 0.79 0.77 1 0.55 1 0.8 0.809194753719524
0.44 0.62 0.44 0.41 0.56 0.36 0.53 0.62 0.63 0.42 0.441567754241602
0.87 0.79 0.87 0.76 0.7 0.87 0.53 0.86 0.93 0.85 0.869446978277918
0.61 0.51 0.55 0.76 0.68 0.55 0.42 0.13 0.28 0.61 0.609334649606923
0.86 0.77 0.94 0.94 0.55 0.88 0.76 0.31 0.85 0.86 0.859381965018739
0.58 0.58 1 0.17 0.59 0.87 0.51 0.61 0.54 0.53 0.580000000000002
0.5 0.49 0.66 0.93 0.49 0.31 0.49 0.49 0.81 0.36 0.49992828307628
0.89 0.89 0.71 0.93 0.89 0.81 0.9 0.79 1 1 0.890000000000002
0.28 0.27 0.01 0.35 0.26 0.19 0.24 0.21 0.4 0.4 0.279928848320422
0.48 0.48 0 0.26 0.46 0.56 0.48 0.49 0.52 0.39 0.480000000000001
0.8 0.8 1 1 0.78 0.71 0.73 0.8 1 1 0.800000000000002
0.04 0.03 0.35 0.2 0.04 0.14 0.02 0.02 0.01 0.4 0.0399365680808009
0.18 0.17 0 0.41 0.19 0.29 0.15 0.13 0 0 0.179929562191326
0.61 0.6 0.63 0.48 0.6 0.66 0.6 0.45 0.63 0.37 0.609928153365949
0.3 0.37 0.34 0.42 0.27 0.34 0.29 0.17 0.29 0 0.300565675859948
0.81 1 0.76 0.82 0.78 0.8 1 0.74 0.84 0.69 0.81153624621287
0.34 0.25 0.35 0.45 0.33 0.39 0.38 0.43 0.3 0.34 0.33943388765255
0.43 0.53 0.53 0.24 0.42 0.47 0.52 0.52 0.44 0.6 0.430807830664086
0 0.14 0.11 0 0 0 0.1 0.12 0 0.3 0.0119153194657915
0.28 0.47 0.47 0.37 0.27 0.28 0 0.4 0.27 0.35 0.281837213690757
0.87 0.91 0.83 0.87 0.84 0.87 0.93 0.88 0.88 1 0.870296354887104
0.01 0.37 0 0 0 0.01 0 0 0 0 0.0330291752868611
0.85 1 0.85 0.71 0.81 0.81 0.51 0.36 0.73 0.85 0.851181592220823
0.42 0.28 0.39 0.39 0.42 0.41 0.12 0.43 0.38 0.39 0.419154059756245
0.66 0.55 0.63 0.65 0.7 0.61 0.74 1 1 0.64 0.659269197636555
0.47 0.38 0.47 0.51 0.4 0.48 0.62 0.39 0.44 0.52 0.469410122936287
0.27 0.27 0.26 0.29 0.25 0.29 0.16 0.07 0.25 0.26 0.270000000000001
0 0.1 0 0 0 0 0.6 0.08 0.23 0 0.00851094247556536
0.04 0 0.02 0.09 0 0.09 0 0.27 0.38 0.03 0.0398548644121195
0.57 0.57 0.57 0.45 0.54 0.3 0.86 0.57 0.5 0.45 0.570000000000001
0.44 0.44 0.43 0.45 0.4 0.24 0.56 0.47 0.32 0.63 0.440000000000001
0.86 0.85 0.86 0.8 0.74 1 1 0.82 0.85 0.91 0.859927981983077
0.62 0.62 0.63 0.41 0.39 0.94 0.82 0.63 0.55 0.79 0.620000000000002
0.82 0.81 0.82 0.84 1 1 1 0.93 0.7 0.47 0.819928002381205
0.65 0.65 0.68 0.91 0.6 0.77 1 0.69 0.57 0.58 0.650000000000002
0.28 0.28 0.28 0.5 0.23 0.24 0.23 0.26 0.35 0.25 0.280000000000001
0.09 0.09 0.08 0.36 0.2 0 0 0.15 0 0 0.0900000000000002
