0.56 0.65 0.18 0.56 0.69 0.58 0.53 0.61 0.7 0.5 0.516958222141615
0.73 0.41 0.31 0.61 0.78 0.78 0.75 0.83 0.73 0.78 0.666496084031779
0.81 0.6 1 0.71 0.69 0.66 0.91 0.74 1 0.9 0.802037740890938
0.83 0.73 0.84 0.9 0.9 0.86 0.81 0.54 0.96 0.89 0.830460998464811
0.56 0.8 0.76 0.4 0.43 0.49 0.62 0.38 0.52 0.86 0.57880607778708
0.79 0.83 0.76 0.59 0.67 0.75 0.8 0.79 0.87 0.35 0.781406224869698
0.92 0.67 0.58 0.8 0.9 0.95 0.93 1 1 1 0.871243896358103
0.99 0.69 0.99 0.91 1 0.84 1 1 0.92 0.96 0.959999999999383
0.84 0.73 0.61 0.88 0.95 0.81 0.88 0.84 0.83 0.8 0.807791479945089
0.09 0.52 0 0.37 0.12 0.08 0 0.1 0.09 0.1 0.0845019939909572
0.61 0.45 0.74 0.84 0.56 0.63 0.76 0.6 0.6 0.45 0.620476847835217
0.15 0 0.06 0.2 0.07 0.18 0.22 0.14 0.14 0.13 0.130000000000129
0.2 0.11 0.09 0 0.07 0.24 0.5 0.21 0.2 0.18 0.179999999999986
0.44 0.39 0.57 0.19 0.41 0.42 0.23 0.44 0.44 0.39 0.44354775418478
0.72 0.78 0.72 0.77 0.68 0.59 0.89 0.71 0.71 0.87 0.710332343008201
0.81 0.95 0.81 0.73 0.85 0.79 0.74 0.79 0.81 0.9 0.812581631238222
0.79 0.86 0.73 0.86 0.42 0.78 0.98 0.89 1 0.8 0.786830180200461
0.92 0.94 0.92 0.77 1 0.88 1 0.85 0.95 0.92 0.91454936940217
0.69 0.82 0.62 0.61 0.72 0.69 0.4 0.88 0.79 0.71 0.686738894047784
0.81 0.69 0.91 1 0.79 0.77 1 0.55 1 0.8 0.8134885266588
0.44 0.62 0.44 0.41 0.56 0.36 0.53 0.62 0.63 0.42 0.43861504378208
0.87 0.79 0.87 0.76 0.7 0.87 0.53 0.86 0.93 0.85 0.864698248128601
0.61 0.51 0.55 0.76 0.68 0.55 0.42 0.13 0.28 0.61 0.595615705002407
0.86 0.77 0.94 0.94 0.55 0.88 0.76 0.31 0.85 0.86 0.867092159091758
0.58 0.58 1 0.17 0.59 0.87 0.51 0.61 0.54 0.53 0.634815517737114
0.5 0.49 0.66 0.93 0.49 0.31 0.49 0.49 0.81 0.36 0.500222101867005
0.89 0.89 0.71 0.93 0.89 0.81 0.9 0.79 1 1 0.863594401455875
0.28 0.27 0.01 0.35 0.26 0.19 0.24 0.21 0.4 0.4 0.227538752883786
0.48 0.48 0 0.26 0.46 0.56 0.48 0.49 0.52 0.39 0.389999999999539
0.8 0.8 1 1 0.78 0.71 0.73 0.8 1 1 0.813470702879016
0.04 0.03 0.35 0.2 0.04 0.14 0.02 0.02 0.01 0.4 0.0672350375786038
0.18 0.17 0 0.41 0.19 0.29 0.15 0.13 0 0 0.155785943668919
0.61 0.6 0.63 0.48 0.6 0.66 0.6 0.45 0.63 0.37 0.61409717205975
0.3 0.37 0.34 0.42 0.27 0.34 0.29 0.17 0.29 0 0.312340236097029
0.81 1 0.76 0.82 0.78 0.8 1 0.74 0.84 0.69 0.811756677582683
0.34 0.25 0.35 0.45 0.33 0.39 0.38 0.43 0.3 0.34 0.343060312639242
0.43 0.53 0.53 0.24 0.42 0.47 0.52 0.52 0.44 0.6 0.444193479374848
0 0.14 0.11 0 0 0 0.1 0.12 0 0.3 0.00249934022348607
0.28 0.47 0.47 0.37 0.27 0.28 0 0.4 0.27 0.35 0.305921011452542
0.87 0.91 0.83 0.87 0.84 0.87 0.93 0.88 0.88 1 0.867572288178236
0.01 0.37 0 0 0 0.01 0 0 0 0 0.0121196843339087
0.85 1 0.85 0.71 0.81 0.81 0.51 0.36 0.73 0.85 0.85000000000044
0.42 0.28 0.39 0.39 0.42 0.41 0.12 0.43 0.38 0.39 0.408883743044071
0.66 0.55 0.63 0.65 0.7 0.61 0.74 1 1 0.64 0.647023166837448
0.47 0.38 0.47 0.51 0.4 0.48 0.62 0.39 0.44 0.52 0.467480307723674
0.27 0.27 0.26 0.29 0.25 0.29 0.16 0.07 0.25 0.26 0.27113063351019
0 0.1 0 0 0 0 0.6 0.08 0.23 0 0.000185787110860416
0.04 0 0.02 0.09 0 0.09 0 0.27 0.38 0.03 0.0386237178595387
0.57 0.57 0.57 0.45 0.54 0.3 0.86 0.57 0.5 0.45 0.538635854787777
0.44 0.44 0.43 0.45 0.4 0.24 0.56 0.47 0.32 0.63 0.417506886888723
0.86 0.85 0.86 0.8 0.74 1 1 0.82 0.85 0.91 0.871480734636174
0.62 0.62 0.63 0.41 0.39 0.94 0.82 0.63 0.55 0.79 0.644957737220754
0.82 0.81 0.82 0.84 1 1 1 0.93 0.7 0.47 0.836266006101517
0.65 0.65 0.68 0.91 0.6 0.77 1 0.69 0.57 0.58 0.667835249144229
0.28 0.28 0.28 0.5 0.23 0.24 0.23 0.26 0.35 0.25 0.278994885849849
0.09 0.09 0.08 0.36 0.2 0 0 0.15 0 0 0.0752830690863991
