RMSE 12.8273203858802
Av. abs error 8.17881656251262
Pearson Correlation 0.910484680498002
Spearman Correlation 0.912477171916113
Orness 0.492052112266765
i Shapley i
1 0.0432178706429922
2 0.0794486704990791
3 0.314435797726988
4 0.0650791185927165
5 0.0917401457819754
6 0.0991347799718203
7 0.0995692394632734
8 0.0311062852538394
9 0.176268092067452
binary number fm.weights
1 0
2 0
3 0
4 0
5 0
6 0.377192982456073
7 0.377192982456073
8 0
9 0
10 0.035714285714261
11 0.035714285714261
12 0
13 0.0700276626995226
14 0.37719298245615
15 0.377192982456121
16 0
17 0
18 0
19 0
20 0
21 0.0242279061276035
22 0.377192982456073
23 0.377192982456089
24 0
25 0.0357142857142888
26 0.035714285714261
27 0.0357142857142888
28 0.156965710326148
29 0.156965710326147
30 0.377192982455995
31 0.377192982456177
32 0
33 0
34 0
35 0
36 0
37 0.424669365250418
38 0.377192982456073
39 0.801862347706491
40 0
41 0
42 0.035714285714261
43 0.035714285714261
44 0.833333333333434
45 0.833333333333342
46 0.833333333333561
47 0.833333333333673
48 0
49 0
50 0
51 0.0357142857142842
52 0
53 0.42466936525034
54 0.415840221519426
55 1.00000000000009
56 0
57 0.0357142857142888
58 0.035714285714261
59 0.0357142857143214
60 0.9531294470333
61 0.999999999999237
62 0.988212482133666
63 1.00000000000014
64 0
65 0
66 0
67 0
68 0
69 0.134775040838237
70 1.00000000000019
71 1.00000000000018
72 0
73 0
74 0.035714285714261
75 0.035714285714261
76 0
77 0.589951265232596
78 1.00000000000027
79 0.999999999999633
80 0
81 0
82 0
83 0
84 0.566051677742768
85 0.566051677742784
86 1.00000000000019
87 1.00000000000014
88 0
89 0.0357142857142888
90 0.035714285714261
91 0.0357142857142888
92 0.723017388068916
93 0.999999999999971
94 1.00000000000012
95 0.99999999999995
96 0.0357142857142894
97 0.0357142857142894
98 0.0357142857142894
99 0.0357142857142894
100 0.793812529777813
101 0.999999999999816
102 1.0000000000002
103 1.00000000000018
104 0.0357142857142894
105 0.0357142857142894
106 0.035714285714283
107 0.035714285714283
108 0.833333333333434
109 0.999999999999763
110 1.00000000000041
111 0.999999999999749
112 0.0357142857142894
113 0.0357142857142894
114 0.0357142857142894
115 0.0357142857142905
116 0.952815476743666
117 0.999999999999767
118 1.00000000000026
119 1.00000000000022
120 0.0357142857142894
121 0.0357142857143067
122 0.035714285714283
123 0.0357142857144495
124 0.95312944703331
125 0.99999999999987
126 1.00000000000035
127 1.00000000000097
128 0
129 0
130 0
131 0
132 0
133 0.134775040838204
134 0.377192982456073
135 0.377192982456018
136 0
137 0
138 0.035714285714261
139 0.035714285714261
140 0.0518550125263445
141 0.377192982455653
142 0.3771929824557
143 0.377192982456027
144 0
145 0
146 0
147 0
148 0
149 0.293777987804135
150 0.377192982456073
151 0.377192982456128
152 0
153 0.0357142857142888
154 0.035714285714261
155 0.0357142857142888
156 0.156965710326142
157 0.377192982455715
158 0.377192982455923
159 0.377192982456136
160 0
161 0
162 0
163 0
164 0
165 0.647522389935333
166 0.415840221519807
167 0.833333333333971
168 0
169 0
170 0.035714285714261
171 0.035714285714261
172 0.833333333333434
173 0.833333333333369
174 0.833333333333547
175 0.83333333333395
176 0
177 0
178 0
179 0.0357142857142842
180 0
181 0.789473684209831
182 0.415840221519794
183 1.00000000000055
184 0
185 0.0357142857142888
186 0.035714285714261
187 0.0357142857143214
188 1.00000000000011
189 0.999999999999243
190 1.00000000000003
191 0.999999999999853
192 0
193 0
194 0
195 0
196 0.134775040838251
197 0.134775040838216
198 1.00000000000019
199 1.00000000000015
200 0.0357142857142852
201 0.0357142857142852
202 0.0357142857142503
203 0.0357142857142503
204 0.182823535523257
205 0.758535026309164
206 1.00000000000018
207 0.999999999999927
208 0
209 0
210 0
211 0
212 0.571428571429262
213 0.571428571429334
214 1.00000000000025
215 1.00000000000026
216 0.0357142857142852
217 0.0357142857142507
218 0.0357142857142503
219 0.0357142857142649
220 0.724587763914066
221 1.00000000000002
222 1.00000000000047
223 0.999999999999434
224 0.0357142857142894
225 0.0357142857142894
226 0.0357142857142894
227 0.0357142857142894
228 0.833333333333436
229 1.00000000000002
230 1.00000000000016
231 1.00000000000005
232 0.0357142857142894
233 0.0357142857142894
234 0.0357142857142597
235 0.0357142857142597
236 0.833333333333434
237 0.999999999999789
238 1.00000000000017
239 0.999999999999936
240 0.0357142857142894
241 0.0357142857142894
242 0.0357142857142894
243 0.0357142857142905
244 0.952815476743723
245 0.999999999999984
246 1.00000000000026
247 1.00000000000018
248 0.0357142857142894
249 0.0357142857143592
250 0.0357142857142597
251 0.0357142857144084
252 1.00000000000016
253 1.00000000000002
254 1.00000000000033
255 1.00000000000013
256 0
257 0
258 0
259 0
260 0.47368421052622
261 0.47368421052622
262 0.473684210526221
263 0.473684210526221
264 0
265 0.035714285714287
266 0.035714285714261
267 0.0357142857142736
268 0.47368421052622
269 0.473684210526208
270 0.473684210526297
271 0.473684210526186
272 0
273 0
274 0
275 0.998731792304985
276 0.506200092543893
277 0.594219476917858
278 0.815364033106193
279 0.99999999999989
280 0.57462943521376
281 0.574629435213749
282 0.85587464944785
283 0.99999999999985
284 0.57462943521376
285 0.594219476917787
286 0.972358593969663
287 0.999999999999617
288 0
289 0
290 0
291 0.0357142857143052
292 0.47368421052622
293 0.47368421052622
294 0.833333333333427
295 0.833333333333515
296 0
297 0.035714285714287
298 0.035714285714261
299 0.0357142857142873
300 0.833333333333368
301 0.833333333333354
302 0.833333333333434
303 0.833333333333427
304 0
305 0.0726967791233907
306 0
307 0.99873179230507
308 0.594219476917853
309 0.594219476917867
310 0.863790448674148
311 1
312 0.999999999999882
313 0.999999999999918
314 0.999999999999875
315 1.00000000000007
316 0.999999999999779
317 0.999999999999744
318 0.999999999999892
319 0.999999999999803
320 0
321 0
322 0
323 0
324 0.47368421052622
325 1
326 1.00000000000008
327 1
328 0
329 0.035714285714287
330 0.035714285714261
331 0.0357142857142736
332 0.47368421052622
333 0.999999999999987
334 1.00000000000016
335 1.0000000000001
336 0
337 0
338 0
339 0.999999999999895
340 0.730571947706672
341 1.00000000000007
342 1.00000000000007
343 1.00000000000002
344 0.57462943521376
345 0.574629435213749
346 0.85587464944785
347 0.99999999999985
348 0.730571947706674
349 1.00000000000007
350 1.00000000000005
351 1.00000000000019
352 0.0357142857142894
353 0.0357142857142894
354 0.0357142857142894
355 0.0357142857143166
356 0.826941146392934
357 1.00000000000006
358 0.999999999999984
359 0.999999999999734
360 0.0357142857142894
361 0.035714285714359
362 0.035714285714283
363 0.0357142857143871
364 0.87122511647929
365 1.00000000000002
366 1.00000000000008
367 0.999999999999901
368 0.755454952929295
369 0.999999999999865
370 0.791169238643715
371 0.999999999999922
372 1.00000000000023
373 1.00000000000021
374 1.00000000000023
375 0.999999999999728
376 0.999999999999915
377 0.999999999999927
378 1.00000000000006
379 1.00000000000011
380 0.999999999999757
381 1.00000000000073
382 0.999999999999796
383 1.00000000000022
384 0
385 0
386 0
387 0
388 0.47368421052622
389 0.473684210526196
390 0.502780027080051
391 0.54063344332775
392 0.0165743301436472
393 0.0522886158579342
394 0.196413966409945
395 0.250000000000031
396 0.47368421052622
397 0.594219476917765
398 0.502780027079984
399 0.594219476918057
400 0
401 0
402 0
403 0.999999999999895
404 0.594219476917868
405 0.594219476917908
406 0.815364033106246
407 0.999999999999711
408 0.57462943521376
409 0.574629435213749
410 0.999999999999886
411 0.99999999999994
412 0.594219476917738
413 0.594219476917767
414 0.999999999999844
415 0.999999999999589
416 0
417 0.295454545454774
418 0
419 0.331168831169079
420 0.486891983989162
421 0.789473684209693
422 0.833333333333428
423 0.999999999999721
424 0.0621397853773059
425 0.41244857211705
426 0.241979421643603
427 0.999999999999982
428 0.833333333333378
429 0.932201964439692
430 0.833333333333406
431 0.999999999998765
432 0
433 0.318411472312851
434 0
435 1.0000000000005
436 0.59421947691787
437 0.789473684209709
438 0.999999999999853
439 1.00000000000024
440 0.999999999999899
441 0.999999999999928
442 0.999999999999944
443 1.00000000000007
444 0.99999999999973
445 0.999999999999756
446 0.999999999999757
447 0.999999999999767
448 0
449 0
450 0
451 0
452 0.661046472335707
453 0.999999999999998
454 0.999999999999992
455 0.999999999999989
456 0.0357142857142852
457 0.0522886158578589
458 0.249999999999896
459 0.249999999999906
460 0.8613649751991
461 0.999999999999351
462 0.999999999999974
463 0.999999999999728
464 0
465 0
466 0
467 0.999999999999895
468 0.876555446738377
469 1.00000000000019
470 1.00000000000012
471 1.00000000000013
472 0.5746294352137
473 0.574629435213689
474 0.999999999999822
475 0.999999999999914
476 0.9999999999999
477 0.999999999999471
478 0.999999999999879
479 1.00000000000008
480 0.805194805194599
481 0.80519480519462
482 0.805194805194599
483 0.805194805194647
484 1.00000000000043
485 1.00000000000001
486 0.999999999999988
487 1.00000000000002
488 0.836734693877199
489 0.836734693877261
490 0.836734693877193
491 0.999999999999854
492 0.999999999999908
493 1
494 0.999999999999887
495 0.999999999999807
496 0.805194805194583
497 0.999999999999861
498 0.805194805194594
499 0.999999999999863
500 1.00000000000037
501 1.00000000000042
502 1.0000000000001
503 1.00000000000007
504 0.999999999999817
505 0.999999999999982
506 0.999999999999858
507 0.999999999999977
508 0.999999999999629
509 1.00000000000085
510 0.999999999999308
511 1.00000000000014
