0.56 0.65 0.18 0.56 0.69 0.58 0.53 0.61 0.7 0.5 0.509762720808941
0.73 0.41 0.31 0.61 0.78 0.78 0.75 0.83 0.73 0.78 0.652588771862186
0.81 0.6 1 0.71 0.69 0.66 0.91 0.74 1 0.9 0.824465652549128
0.83 0.73 0.84 0.9 0.9 0.86 0.81 0.54 0.96 0.89 0.822652733296202
0.56 0.8 0.76 0.4 0.43 0.49 0.62 0.38 0.52 0.86 0.59968280719526
0.79 0.83 0.76 0.59 0.67 0.75 0.8 0.79 0.87 0.35 0.787414774976973
0.92 0.67 0.58 0.8 0.9 0.95 0.93 1 1 1 0.857705636015414
0.99 0.69 0.99 0.91 1 0.84 1 1 0.92 0.96 0.972459065966657
0.84 0.73 0.61 0.88 0.95 0.81 0.88 0.84 0.83 0.8 0.799999999999999
0.09 0.52 0 0.37 0.12 0.08 0 0.1 0.09 0.1 0.0999999999999999
0.61 0.45 0.74 0.84 0.56 0.63 0.76 0.6 0.6 0.45 0.620766042418254
0.15 0 0.06 0.2 0.07 0.18 0.22 0.14 0.14 0.13 0.12889652038593
0.2 0.11 0.09 0 0.07 0.24 0.5 0.21 0.2 0.18 0.18
0.44 0.39 0.57 0.19 0.41 0.42 0.23 0.44 0.44 0.39 0.455811945515614
0.72 0.78 0.72 0.77 0.68 0.59 0.89 0.71 0.71 0.87 0.722269591735248
0.81 0.95 0.81 0.73 0.85 0.79 0.74 0.79 0.81 0.9 0.8170426926365
0.79 0.86 0.73 0.86 0.42 0.78 0.98 0.89 1 0.8 0.786502910643217
0.92 0.94 0.92 0.77 1 0.88 1 0.85 0.95 0.92 0.919999999999999
0.69 0.82 0.62 0.61 0.72 0.69 0.4 0.88 0.79 0.71 0.6885873294607
0.81 0.69 0.91 1 0.79 0.77 1 0.55 1 0.8 0.814935048950325
0.44 0.62 0.44 0.41 0.56 0.36 0.53 0.62 0.63 0.42 0.451469164091829
0.87 0.79 0.87 0.76 0.7 0.87 0.53 0.86 0.93 0.85 0.864873722108842
0.61 0.51 0.55 0.76 0.68 0.55 0.42 0.13 0.28 0.61 0.588835444361704
0.86 0.77 0.94 0.94 0.55 0.88 0.76 0.31 0.85 0.86 0.859999999999999
0.58 0.58 1 0.17 0.59 0.87 0.51 0.61 0.54 0.53 0.644664146088102
0.5 0.49 0.66 0.93 0.49 0.31 0.49 0.49 0.81 0.36 0.521096250413521
0.89 0.89 0.71 0.93 0.89 0.81 0.9 0.79 1 1 0.861567537046365
0.28 0.27 0.01 0.35 0.26 0.19 0.24 0.21 0.4 0.4 0.237975872391463
0.48 0.48 0 0.26 0.46 0.56 0.48 0.49 0.52 0.39 0.410274546791929
0.8 0.8 1 1 0.78 0.71 0.73 0.8 1 1 0.828449613594781
0.04 0.03 0.35 0.2 0.04 0.14 0.02 0.02 0.01 0.4 0.0856725174173865
0.18 0.17 0 0.41 0.19 0.29 0.15 0.13 0 0 0.153315512834813
0.61 0.6 0.63 0.48 0.6 0.66 0.6 0.45 0.63 0.37 0.610840661562871
0.3 0.37 0.34 0.42 0.27 0.34 0.29 0.17 0.29 0 0.308412984162002
0.81 1 0.76 0.82 0.78 0.8 1 0.74 0.84 0.69 0.812375102867943
0.34 0.25 0.35 0.45 0.33 0.39 0.38 0.43 0.3 0.34 0.338237147107454
0.43 0.53 0.53 0.24 0.42 0.47 0.52 0.52 0.44 0.6 0.451804210432844
0 0.14 0.11 0 0 0 0.1 0.12 0 0.3 0.0254754155096289
0.28 0.47 0.47 0.37 0.27 0.28 0 0.4 0.27 0.35 0.319227948081232
0.87 0.91 0.83 0.87 0.84 0.87 0.93 0.88 0.88 1 0.866532287614168
0.01 0.37 0 0 0 0.01 0 0 0 0 0.0279548007079924
0.85 1 0.85 0.71 0.81 0.81 0.51 0.36 0.73 0.85 0.851019183777948
0.42 0.28 0.39 0.39 0.42 0.41 0.12 0.43 0.38 0.39 0.40743518826515
0.66 0.55 0.63 0.65 0.7 0.61 0.74 1 1 0.64 0.653546326402045
0.47 0.38 0.47 0.51 0.4 0.48 0.62 0.39 0.44 0.52 0.464489147450912
0.27 0.27 0.26 0.29 0.25 0.29 0.16 0.07 0.25 0.26 0.266006128638708
0 0.1 0 0 0 0 0.6 0.08 0.23 0 0.00758615395709296
0.04 0 0.02 0.09 0 0.09 0 0.27 0.38 0.03 0.0381370265230138
0.57 0.57 0.57 0.45 0.54 0.3 0.86 0.57 0.5 0.45 0.568077856912197
0.44 0.44 0.43 0.45 0.4 0.24 0.56 0.47 0.32 0.63 0.437298012465417
0.86 0.85 0.86 0.8 0.74 1 1 0.82 0.85 0.91 0.860511388064151
0.62 0.62 0.63 0.41 0.39 0.94 0.82 0.63 0.55 0.79 0.624917237891161
0.82 0.81 0.82 0.84 1 1 1 0.93 0.7 0.47 0.822827272775999
0.65 0.65 0.68 0.91 0.6 0.77 1 0.69 0.57 0.58 0.656684392097354
0.28 0.28 0.28 0.5 0.23 0.24 0.23 0.26 0.35 0.25 0.279287182419086
0.09 0.09 0.08 0.36 0.2 0 0 0.15 0 0 0.0882791337136119
