0.453125797397295 0.389980945205806 0.805668923110235 0.454545454545455 0.245833651100102 0.955097344212759 0.493934979115272
0.102628221485073 0.464313526012108 0.888443483881031 0.383181818181818 0.813389657579573 0.785426981775761 0.547656453453126
0.336769584077571 0.384250388529279 0.789720700909933 0.39 0.329971786459479 0.391686874515873 0.449001406568854
0.90104618525134 0.749023175098257 0.822714807508025 0.935454545454545 0.574166953724591 0.415879740194826 0.80857148190966
0.113906608828783 0.389980945205806 0.918454729702628 0.299090909090909 0.891905829316099 0.526451519091735 0.508803437848355
0.350599642766012 0.342090006140798 0.726083964632136 0.335454545454545 0.201055918388142 0.694801574455703 0.428137196881704
0.47175299821383 0.594631459382286 0.803892176746016 0.571818181818182 0.262783173703613 0.819010114243544 0.562133154247317
0.567287573360551 0.54345347220645 0.838407925627079 0.480909090909091 0.49850408376384 0.413078659075166 0.585828973002252
0.864097984179638 0.757899248841665 0.7344451581367 0.89 0.33985668359094 0.4088816825058 0.783044105436082
0.271038530237305 0.32928501009982 0.795658375724403 0.272727272727273 0.335414847110899 0.518272006414978 0.402468972946313
0.361622862975249 0.365746786664973 0.7735834457615 0.380909090909091 0.230084162196036 0.622403292443488 0.459788655632384
0.378821127838734 0.517699266130925 0.791120734240545 0.480909090909091 0.306405978443898 0.379662427935586 0.490560800780505
0.106098494513907 0.431045392800527 0.8984955415457 0.338484848484845 0.827595559830507 0.676854117018686 0.522574893685749
0.17203368206175 0.628757442496506 0.879929730838686 0.480909090909091 0.791219625237831 0.744970496445862 0.607069675756244
0.725440163306966 0.433674626580814 0.83739226222211 0.608181818181818 0.354589969968421 0.899096895254844 0.560187557513368
0.459096708343965 0.483410660124344 0.747729266747889 0.536363636363636 0.24930907614417 0.875380749627718 0.534231275282675
0.0478183210002552 0.322074557505408 0.86267898680562 0.299090909090909 0.478776136526665 0.57343510691749 0.449859863954948
0.060729778004593 0.172180172572227 0.787283185692193 0.145454545454545 0.377458613819769 0.690308975916973 0.321297657521348
0.793314621076805 0.24213437315214 0.797608375147473 0.4030303030303 0.223023601742092 0.508191123843978 0.433187263005069
0.721663689716765 0.652002552278358 0.784327957121599 0.627272727272727 0.428836432571562 0.841499551134917 0.673444345061757
0.178157693289104 0.573827403578893 0.899400264659328 0.435454545454545 0.901736611042755 0.761119562938445 0.594615496345775
0.647307986731309 0.384250388529279 0.896843553759663 0.459090909090909 0.488041123370969 0.402829301275909 0.582226892515607
0.341056391936719 0.478327545537202 0.74113980358536 0.480909090909091 0.223023601742092 0.420553675992533 0.449777305641347
0.443429446287318 0.464313526012108 0.678820277560804 0.517272727272727 0.253987400124126 0.880529386152283 0.505793383700614
0.489053329931105 0.485576450365188 0.820127552980818 0.484242424242427 0.275113316010969 0.739933217173603 0.562507152883715
0.718244450114825 0.4087195624693 0.819639707247516 0.634545454545454 0.287143535250102 0.786949490452651 0.538640644648074
0.852411329420771 0.598724559673745 0.821100640984692 0.763636363636364 0.408213243971277 0.440257665000618 0.681728327997095
0.542281194182189 0.4177071740302 0.864164161888986 0.493939393939391 0.574166953724591 0.638181844223588 0.589317925387521
0.17744322531258 0.528098812532928 0.907462502328838 0.426363636363636 0.861460741488221 0.784412189765678 0.585877416689565
0.784128604235774 0.397895457406233 0.792256031363818 0.4969696969697 0.376006356383748 0.52982439257109 0.532928361215838
0.96881857616739 0.616282382036884 0.960614356573202 0.772727272727273 0.803659446275596 0.464813013321309 0.838595548827377
0.986629242153611 0.764841080121256 0.722229250318255 0.799090909090909 0.459682718852764 0.576358308981377 0.791330109116428
0.105537126818066 0.440712450270776 0.899851604263199 0.354545454545454 0.81909130063272 0.694801574455703 0.532384044973426
0.609441183975504 0.493454259180957 0.923502720580045 0.536363636363636 0.731213981478149 0.330711326142442 0.648518328358192
0.506404695075274 0.369029453332874 0.858884962545835 0.418181818181818 0.408213243971277 0.702797768324403 0.524676198027023
0.863434549630008 0.819031545141158 0.624997440949182 0.89 0.315045233101985 0.401899213144165 0.71175680721212
0.959530492472569 0.772788748720539 0.897798279905638 0.819082719082718 0.815715300525732 0.468131704108108 0.858294796375373
0.35743812196989 0.475037530478598 0.762607469391137 0.545454545454546 0.179759000741689 0.778327038869657 0.472319959394406
0.114570043378413 0.378452574067276 0.921218463116834 0.281818181818182 0.897169739401367 0.526933186046146 0.498818937848071
0.707323296759377 0.62284117734951 0.849879925017066 0.636363636363636 0.473666913733446 0.548667065593011 0.684639929591799
0.463383516203113 0.17697100593034 0.841984038898988 0.409090909090909 0.205015052682131 0.855852073364637 0.382936350458212
0.909262566981373 0.573827403578893 0.772669159186406 0.809090909090909 0.206989555199355 0.688812288937344 0.676464819744907
0.544526664965552 0.372289563712504 0.886005278315402 0.454545454545455 0.559603724698572 0.575383692921713 0.567008949677337
0.774228119418219 0.476136166451019 0.788626615464011 0.509090909090909 0.315045233101985 0.344802141409354 0.581453109093696
0.79203878540444 0.305199529625402 0.778631840462023 0.429393939393936 0.192551030548418 0.539476574419176 0.471046061298396
0.145139066088288 0.56747102036745 0.920836097189186 0.372727272727273 0.967716415568688 0.560790438318022 0.571555068065335
0.0735391681551416 0.288286558482162 0.797608375147473 0.114242424242427 0.478776136526665 0.776300031065372 0.314677250683788
0.0769584077570809 0.216289019562453 0.839874113082261 0.0718181818181819 0.541191379331892 0.684324775115197 0.307254370701761
0.0858892574636387 0.400413506057062 0.85460954704931 0.0818181818181818 0.904502425566273 0.973861033735914 0.362788185364831
0.0776218423067109 0.191271804420161 0.850851573688645 0.0636363636363637 0.568469627536125 0.712809711637424 0.313220454703329
0.424649145190099 0.288286558482162 0.830802809215347 0.571818181818182 0.361428427784964 0.438376047881166 0.494443148794759
0.188568512375606 0.652002552278358 0.861700156191475 0.372727272727273 0.74096333143974 0.20008843776052 0.527095680199629
0.614850727226333 0.534816871780647 0.926897648837898 0.6 0.724174484188978 0.360801787055775 0.690098571003547
0.59004848175555 0.674061943848568 0.775512180803358 0.554545454545454 0.453755795779997 0.696299950918374 0.61904522207481
0.182597601428936 0.56747102036745 0.891115193817132 0.426363636363636 0.872603910999758 0.546730544560487 0.583292314120327
0.13620821638173 0.579501679832922 0.899030480750813 0.520303030303027 0.609925245092791 0.509629665898233 0.61698484941262
0.697167644807349 0.476136166451019 0.902301581273767 0.608181818181818 0.568469627536125 0.242231034504039 0.660542719547879
0.543148762439398 0.356675168449898 0.872693689457664 0.471818181818182 0.542553404841247 0.607658114253298 0.573199830107567
0.0911967338606787 0.553938801091262 0.896138686134043 0.251363636363636 0.858915150596927 0.901163061650836 0.468808357320974
0.0401633069660628 0.498181413370533 0.843929152968097 0.650909090909091 0.433531817698231 0.819010114243544 0.551662533856377
0.619086501658586 0.541469926548183 0.882461980055023 0.554545454545454 0.623681510654958 0.407483935255104 0.639118347891275
0.943710130135239 0.7436432760762 0.76725584646761 0.781818181818182 0.509387455101565 0.540443039380298 0.793531337841094
0.73355447818321 0.442651927974692 0.788535235887853 0.645454545454545 0.227793729010553 0.789995660172419 0.554720729366917
0.265373819852003 0.277312905108376 0.7497221676172 0.375454545454545 0.217168846956631 0.747490804960936 0.391006293020334
0.955651952028579 0.646252326400227 0.94108668488671 0.724242424242427 0.762389949871195 0.56564941759418 0.802035434581882
0.444041847410054 0.433674626580814 0.710028605625381 0.490909090909091 0.227793729010553 0.877439731575938 0.503741746604692
0.286960959428426 0.264837678595987 0.851723220339173 0.227272727272727 0.524799268094495 0.498136258693963 0.431114808918601
0.897473845368717 0.961059419470576 0.817843445717899 0.954545454545455 0.783710807113222 0.312645088174597 0.866342927294353
0.173666751722378 0.628757442496506 0.870120288380197 0.5330303030303 0.790936502561167 0.822072165223493 0.638590507563646
0.352385812707323 0.24213437315214 0.757401464254385 0.299090909090909 0.24930907614417 0.714814311592986 0.379979182303974
0.064046950752743 0.440712450270776 0.800477707432598 0.378181818181818 0.469479399221719 0.727862023514199 0.485676252797867
0.619392702219954 0.56747102036745 0.870074936765461 0.545454545454546 0.635324977314597 0.412145514826061 0.645905944649742
0.650982393467721 0.541469926548183 0.881198584235157 0.509090909090909 0.461395885505856 0.375050751410386 0.61185874513282
0.678132176575657 0.528098812532928 0.89271515437061 0.627272727272727 0.575814315098638 0.434146263957749 0.66125685122572
0.234804797142128 0.365746786664973 0.82607396491946 0.335454545454545 0.519772620582942 0.113087302463004 0.470436466456064
0.796274559836693 0.534816871780647 0.794052189814303 0.409090909090909 0.439663272894575 0.551088970884799 0.562274234726455
0.193927022199541 0.553938801091262 0.879842021135505 0.354545454545454 0.60295234757311 0.300078823623439 0.504391050437435
0.622097473845369 0.502873934569387 0.905939545270811 0.562727272727273 0.633706005808989 0.495268272659503 0.650833796405974
0.778412860423577 0.288286558482162 0.818007231782801 0.409090909090909 0.253987400124126 0.387981844018034 0.466484355447267
0.057412605256443 0.338924085573179 0.822875702527649 0.253636363636364 0.481558928627499 0.637852600426553 0.41135100925126
0.451900995151824 0.513769653318645 0.80572604211942 0.5330303030303 0.390324841545165 0.936381616260128 0.543608274320084
0.894667006889513 0.707482827398027 0.956158927286139 0.918181818181818 0.818035970544344 0.270290867327548 0.860886572294022
0.083847920387854 0 0.909534203122726 0 0.752689897286867 1 0.296517470751103
0.769328910436336 0.436030380922451 0.83739226222211 0.562727272727273 0.450318175901138 0.35393321533623 0.576283414414536
0.957387088542996 0.789831539535232 0.886899787769802 0.8031550802139 0.834645240688784 0.52982439257109 0.848530860100487
0.459402908905333 0.456804055863587 0.872378882573382 0.517272727272727 0.168665398348214 0.880014345379651 0.559472406423427
0.235315131411074 0.353918525107236 0.830802809215347 0.327272727272727 0.519772620582942 0.0882544669083326 0.466237027996788
0.285072722633325 0.308289924769414 0.811335646049305 0.260303030303027 0.422487962039602 0.554481970987077 0.423692156242232
0.98606787445777 0.76315248064411 0.74113980358536 0.778787878787882 0.430223929041362 0.584162955458851 0.801078750082183
0.857106404695075 0.749023175098257 0.785501725543599 0.847878787878791 0.439506245348126 0.429921848469799 0.783557660720156
0.41525899464149 0.318421871351863 0.875956554885362 0.335454545454545 0.32848457227753 0.591003202398719 0.466595641205462
0.823730543505996 0.744209709293027 0.765520834349106 0.636363636363636 0.496814192839415 0.752030152826476 0.693813305305872
0.988415412094922 0.717274395200374 0.734194321883955 0.8343919716647 0.466211828624651 0.558848380509925 0.792453967437847
0.604541974993621 0.71684588052101 0.806979598225813 0.581818181818182 0.654111058364894 0.439787162198301 0.664333127254332
0.107323296759377 0.433674626580814 0.961590212587773 0.309090909090909 0.823521072222983 0.670885319019707 0.517867776194491
0.0311814238326104 0.592576671645786 0.843481473875733 0.480909090909091 0.644142985819451 0.787457078773186 0.58152890992349
0.90967083439653 0.548341052670315 0.787999373628432 0.799090909090909 0.233600081090111 0.694801574455703 0.659058755403579
0.779127328400102 0.277312905108376 0.845465730518896 0.448181818181818 0.361103307620318 0.400039879367123 0.520431696786916
0.920540954325083 0.659135345183166 0.78180042411207 0.739090909090909 0.338706085141195 0.716819645073591 0.73224894942321
0.303291656034703 0.485576450365188 0.924940696204831 0.471818181818182 0.758541080561818 0.424297712778978 0.608880672284887
0.20398060729778 0.62284117734951 0.853314323709005 0.562727272727273 0.71553820035284 0.244844419236728 0.645799214453979
0.824802245470783 0.789831539535232 0.669957119921631 0.708181818181818 0.439663272894575 0.794567787460983 0.718235404260151
0.61393212554223 0.6007629679443 0.929475389189771 0.627272727272727 0.76708947333238 0.355305550163099 0.704845073052322
0.163153865782087 0.604823734777102 0.873680870998532 0.662727272727273 0.654111058364894 0.671879639453322 0.671879639453309
0.0718550650676193 0.423081692833285 0.782401471789391 0.162727272727273 0.478776136526665 0.819010114243544 0.342581157943057
0.742383261035979 0.493454259180957 0.833911071131327 0.681818181818182 0.33652627443638 0.664923439646631 0.5999537891903
0.67374330186272 0.528098812532928 0.883806533080686 0.718181818181818 0.506019569662272 0.430390961655077 0.632461597810002
0.245113549374841 0.485576450365188 0.851723220339173 0.380909090909091 0.474131789049187 0.109155415952745 0.502274485112933
0.195151824445011 0.598724559673745 0.853314323709005 0.318181818181818 0.593881119437632 0.292928621758961 0.474086054966051
0.197040061240112 0.541469926548183 0.872693689457664 0.526363636363636 0.667700684099517 0.150048663842727 0.621433583637998
0.221178872161266 0.443296953131123 0.85460954704931 0.327272727272727 0.660254417717751 0.364012986625825 0.487212056455455
0.841337075784639 0.733986883878294 0.605773599033766 0.705151515151518 0.170337467983841 0.629300066690739 0.672781167507262
0.304975759122225 0.473936914720823 0.907901930469744 0.454545454545455 0.71683481077583 0.457239055723957 0.589080159384156
0.69364633835162 0.610272373505703 0.800477707432598 0.672727272727273 0.497377602359222 0.30366230911706 0.66349957812653
0.375912222505741 0.375527619203306 0.82490558507966 0.545454545454546 0.433374400418055 0.269849388109329 0.500051593022723
0.166113804541975 0.616282382036884 0.860436737811311 0.554545454545454 0.601466920154462 0.815949555776428 0.631022522873422
0.438275070170962 0.438376277400169 0.802855087119911 0.435454545454545 0.271698237819695 0.866637134762947 0.521169945076242
0.987598877264608 0.757899248841665 0.739667761025589 0.838484848484845 0.545577971829671 0.561761796475608 0.807700314217674
0.524980862464914 0.433674626580814 0.821693606969358 0.5 0.448206434539915 0.551088970884799 0.544317708669127
0.464149017606532 0.482143790626414 0.780130524737398 0.480909090909091 0.168665398348214 0.849697116798678 0.538704067085974
0.42199540699158 0.200996409410483 0.834939476102491 0.540454545454546 0.347237117776498 0.265880327396268 0.482257272870659
0.623577443225313 0.4087195624693 0.917759883324618 0.526363636363636 0.592540678109245 0.498136258693963 0.628353009094542
0.99535595815259 0.787855036857538 0.787160714176052 0.869696969696973 0.58045241696399 0.554481970987077 0.843995441983722
0.266394488389895 0.433674626580814 0.747657796413431 0.418181818181818 0.332117899946174 0.664426930095512 0.440548765590757
0.986527175299821 0.764841080121256 0.720638005482166 0.799090909090909 0.459682718852764 0.57733314005366 0.790272781314617
0.414850727226333 0.356675168449898 0.796959964891682 0.335454545454545 0.233600081090111 0.578308185870195 0.452042227542047
0.83460066343455 0.652002552278358 0.657808325276583 0.733333333333336 0.186722470569345 0.802195624003268 0.701239571659447
0.902628221485073 0.643362243455011 0.85460954704931 0.909090909090909 0.503655315516638 0.496224027948328 0.733540318026658
0.813217657565706 0.490839253998292 0.771445039049569 0.536363636363636 0.285314250460705 0.855852073364637 0.596305194718115
0.517836182699668 0.55067882568503 0.776375436600368 0.571818181818182 0.326996168899628 0.553027495492714 0.583444570426114
0.588109211533554 0.348354490890903 0.878963477947204 0.426363636363636 0.496814192839415 0.672376871672888 0.550056406704722
0.782240367440674 0.448431129396324 0.746870266580181 0.480909090909091 0.24930907614417 0.48810779815023 0.558581196415324
0.292370502679255 0.50753264277568 0.886348698052802 0.587878787878791 0.713952890922405 0.541409729826163 0.61803844161453
0.480428680785915 0.56747102036745 0.612123749972727 0.617272727272727 0.153479898083404 0.817989762049362 0.525236389775809
0.749885174789487 0.440712450270776 0.85427431382695 0.620606060606064 0.335414847110899 0.566621868603202 0.571306770666446
0.810768053074764 0.634630722691033 0.681667504523987 0.536363636363636 0.325506568996463 0.836381350663764 0.615637769706153
0.887522327124266 0.69415560831428 0.949573576878692 0.935454545454545 0.788387592570279 0.266761677279789 0.841912149440482
0.306149527940801 0.532584844434613 0.888911711086802 0.581818181818182 0.697775852430561 0.48572400498688 0.633206286174049
0.367746874202603 0.365746786664973 0.848953761749918 0.327272727272727 0.501880839241931 0.274710815027617 0.494033184074951
0.161622862975249 0.50753264277568 0.868619925906881 0.480909090909091 0.792210413880696 0.60667674741085 0.604463277278925
0.256800204133708 0.318421871351863 0.83220583807909 0.406060606060609 0.450318175901138 0.99110263011724 0.453295345380623
0.577239091605001 0.579501679832922 0.829078285351217 0.554545454545454 0.506249323618204 0.480960999155686 0.621516796030108
0.263893850472059 0.332522166195357 0.78426603368772 0.351212121212118 0.320532498569902 0.835358199825784 0.432535688338884
0.599693799438632 0.440712450270776 0.882461980055023 0.426363636363636 0.556592719109417 0.474303123980714 0.561909298374574
0.804797142128094 0.511697221652209 0.839419911206996 0.460606060606064 0.44138992379369 0.706299846157429 0.587374423055124
0.244501148252105 0.428403625792817 0.867798258415009 0.406060606060609 0.478776136526665 0.0791608565399234 0.521632410602639
0.0219443735646849 0.573827403578893 0.824319528582453 0.281818181818182 0.667700684099517 0.442611161904816 0.450279126143753
0.417861699413116 0.200996409410483 0.84492145256972 0.335454545454545 0.335414847110899 0.403294450442695 0.463432363666264
0.269609594284256 0.454026430737598 0.777235822389478 0.327272727272727 0.382453323296778 0.537544322146186 0.446609043054839
0.97611635621332 0.614284128639874 0.924184703676075 0.79 0.680805610277202 0.662937691891513 0.776595694843489
0.61857616738964 0.513769653318645 0.894765646111845 0.548484848484845 0.658938835697989 0.387981844018034 0.641798037353446
0.109517734115846 0.471729696646884 0.888443483881031 0.380909090909091 0.830684189819667 0.613059321313858 0.548122670320382
0.119928553202348 0.375527619203306 0.904247291945988 0.281818181818182 0.792210413880696 0.831267232252277 0.483310126956225
0.880887981627966 0.668459733806067 0.954764475753563 0.89 0.796878336037707 0.34936378721363 0.843498511150507
0.0739474355702986 0.277312905108376 0.812883448146949 0.102727272727273 0.480167888332487 0.769210947248847 0.31094337655495
0.63118142383261 0.338924085573179 0.899851604263199 0.514545454545455 0.519772620582942 0.430390961655077 0.61691623566131
0.264659351875478 0.288286558482162 0.78304002918159 0.327272727272727 0.303516707118449 0.794059603459759 0.408676770662822
0.609134983414136 0.500531951063107 0.922248479752236 0.536363636363636 0.732792630291178 0.334794291207719 0.648437148790086
0.695432508292932 0.553938801091262 0.900956567719701 0.644444444444445 0.586502043577654 0.237015312178635 0.672182713798215
0.603164072467466 0.456804055863587 0.912261520974264 0.409090909090909 0.70543921528527 0.446851568284311 0.590901340296733
0.710691502934422 0.4087195624693 0.866377668865809 0.617272727272727 0.393849866781299 0.673371479986305 0.549388481110246
0.395253891298801 0.24213437315214 0.833911071131327 0.244545454545454 0.426753700519129 0.242231034504039 0.403045000247082
0.90834396529727 0.62284117734951 0.709426942075397 0.827272727272727 0.126376483819302 0.665916603813198 0.709626970370726
0.67639704006124 0.440712450270776 0.904610717727504 0.636363636363636 0.459682718852764 0.400039879367123 0.587954454782444
0.559377392191886 0.400413506057062 0.903113822726587 0.445454545454545 0.570119885606361 0.106023124071588 0.566439928080099
0.977137024751212 0.598724559673745 0.936864693841415 0.772727272727273 0.69386616744715 0.661945108731131 0.786625183678356
0.805715743812197 0.411732378900391 0.844376120751137 0.435454545454545 0.488041123370969 0.755563230356828 0.57214008325105
0.44388874712937 0.428403625792817 0.68147879698468 0.493939393939391 0.23166749050647 0.877439731575938 0.493966855511413
0.890635366164838 0.802655941959104 0.901026587008941 0.926363636363636 0.77038221277961 0.234413034152236 0.842364028827344
0.00551161010461852 0.387941878321602 0.883787986581343 0.344545454545455 0.726761819209909 0.332071588052657 0.511392938159633
0.117325848430722 0.345233300312413 0.922248479752236 0.253636363636364 0.888855796808735 0.709804190399611 0.479860169810856
0.131921408522582 0.365746786664973 0.893637529570611 0.127272727272727 0.851689569322222 0.547214591072985 0.390062626737973
0.998520030620056 0.645675114890938 0.907022434895102 0.854545454545454 0.658938835697989 0.542860187628056 0.765946087299712
0.306557795355958 0.505207465333341 0.893637529570611 0.587878787878791 0.718131007452674 0.495268272659503 0.618780324994353
0.31497831079357 0.381360050996037 0.847877561319356 0.460606060606064 0.482949260190973 0.684324775115197 0.501766923492662
0.176422556774687 0.530345517693776 0.902301581273767 0.445454545454545 0.839097462002063 0.78238311954037 0.594595499564323
0.734319979586629 0.400413506057062 0.801117620397384 0.627272727272727 0.233600081090111 0.776300031065372 0.530364047732467
0.366522071957132 0.400413506057062 0.857609042901514 0.354545454545454 0.526168695222245 0.323017018365553 0.499396260029923
0.35014034192396 0.375527619203306 0.706497100151307 0.347878787878791 0.14167573427933 0.686817366071225 0.434014181646538
0.318703750956877 0.471729696646884 0.7981377188667 0.463636363636364 0.395450309297564 0.57733314005366 0.498017836636308
0.771166113804542 0.281007790955124 0.842434108226415 0.509090909090909 0.305024755660876 0.335702502276628 0.482446774438359
0.261597346261801 0.513769653318645 0.762977672435571 0.454242424242427 0.359964979767075 0.970208814881359 0.471020019803536
0.267262056647104 0.456804055863587 0.722229250318255 0.409090909090909 0.233600081090111 0.597853791496812 0.394819221079578
0.558356723653993 0.384250388529279 0.861700156191475 0.435454545454545 0.511069923769002 0.163206347163331 0.548831290460566
0.0760908394998724 0.253086060795445 0.822875702527649 0.093939393939391 0.501880839241931 0.691806086281122 0.309985796883667
0.564276601173769 0.464313526012108 0.85940315532612 0.493939393939391 0.504640658909431 0.293374848734005 0.587372519513761
0.413064557285022 0.384250388529279 0.795124061457338 0.354545454545454 0.364352194660943 0.59393790792084 0.470859314909071
0.860933911712171 1 0.662686623773606 0.909090909090909 0.544217283830692 0.444024044505614 0.768385689489685
0.794539423322276 0.325695303846694 0.828133081840327 0.4 0.306866141732317 0.517310811776146 0.495228069766346
0.811788721612656 0.592576671645786 0.705733418637541 0.571818181818182 0.354589969968421 0.840475585360075 0.64171359099024
0.0785914774177086 0.155397378405026 0.860436737811311 0.0454545454545454 0.595221027067551 0.756573077447951 0.318944172068365
0.697218678234243 0.471729696646884 0.902301581273767 0.608181818181818 0.568469627536125 0.242231034504039 0.660523600112423
0.175912222505741 0.541469926548183 0.89894824455312 0.454545454545455 0.831947135960249 0.801686806133033 0.598921477613389
0.249502424087778 0.322074557505408 0.863236826032566 0.318181818181818 0.570119885606361 0.456293455097522 0.473574000198729
0.0555754018882368 0.348354490890903 0.843033080827128 0.218181818181818 0.398647773872503 0.620434610216822 0.383926945371699
0.332329675937739 0.400413506057062 0.795658375724403 0.426363636363636 0.329971786459479 0.504836592438189 0.451515274783757
0.938402653738199 0.592576671645786 0.886159866607374 0.747575757575754 0.561108155080099 0.357594311060697 0.705956516334835
0.813319724419495 0.483169550859139 0.775512180803358 0.536363636363636 0.279711853253123 0.855852073364637 0.591764674146423
0.722378157693289 0.639880757854532 0.7735834457615 0.627272727272727 0.428836432571562 0.846621815299872 0.670998780812725
0.0172492982903802 0.55869329114863 0.823357822163982 0.344545454545455 0.676005683706858 0.314896091298768 0.491675779700981
0.301862720081653 0.471729696646884 0.901853911846063 0.5 0.71409703561296 0.435555597344801 0.598499899448701
0.0662924215361061 0.245827058698809 0.821693606969358 0.181818181818182 0.462952336127077 0.761119562938445 0.362436800481361
0.697320745088033 0.471729696646884 0.903519122978683 0.608181818181818 0.566818523618292 0.243101756131494 0.6597486480506
0.517887216126563 0.547403770450451 0.775512180803358 0.571818181818182 0.318705265507702 0.553997090461834 0.58322836553569
0.128757336055116 0.440712450270776 0.891452744018918 0.145454545454545 0.813389657579573 0.741947593860047 0.394130762093024
0.273896402143404 0.4087195624693 0.767510837727917 0.435454545454545 0.369701727663416 0.547214591072985 0.469857653006357
0.381270732329676 0.440712450270776 0.792256031363818 0.4012987012987 0.344499075887919 0.211165711434151 0.484158918059245
0.643939780556264 0.471729696646884 0.906300939888633 0.536363636363636 0.509387455101565 0.476204137886331 0.617231493154037
0.335748915539679 0.471729696646884 0.7849463863147 0.445454545454545 0.32848457227753 0.413078659075166 0.456203819071608
0.969124776728757 0.608460378093946 0.958619763309453 0.772727272727273 0.796878336037707 0.464339166321769 0.838404048800769
0.843582546568002 0.575723660883551 0.781025605819098 0.699090909090909 0.275113316010969 0.586604707974087 0.659559632664811
0.0535340648124522 0.308289924769414 0.841533246679539 0.272727272727273 0.436206372297287 0.5968745060605 0.423118491163137
0.174432253125797 0.592576671645786 0.881198584235157 0.554545454545454 0.829140128622087 0.831267232252277 0.659373997767782
0.60597091094667 0.630719927980227 0.85278494505445 0.568787878787882 0.686325413304975 0.381047360951195 0.672589842007053
0.365756570553713 0.433674626580814 0.858884962545835 0.39 0.533916971731824 0.366768388627047 0.515858215829627
0.335289614697627 0.500531951063107 0.788626615464011 0.5 0.279711853253123 0.421957182417372 0.459666341273069
0.891145700433784 0.842759842261312 0.882844284315319 0.948051948051945 0.746789816847633 0.228787714758034 0.872282657286374
0.459453942332228 0.456804055863587 0.872378882573382 0.509090909090909 0.172006646086825 0.879499343921641 0.558590668438928
0.976167389640214 0.610272373505703 0.923502720580045 0.79 0.680805610277202 0.662441376062561 0.776510104306219
0.918091349834141 0.513769653318645 0.864626712498592 0.736363636363636 0.425332627327666 0.694302209237041 0.646875633689264
0.448124521561623 0.155397378405026 0.836832068338769 0.3869696969697 0.288361916107767 0.946773280226309 0.434050672317423
0.673181934166879 0.5690652911434 0.875378162579564 0.699090909090909 0.44138992379369 0.422425153338741 0.654621069264765
0.00653227864251084 0.361499848909959 0.889845951998544 0.318181818181818 0.743325562189654 0.421957182417372 0.497524411759861
0.0210768053074764 0.628757442496506 0.821100640984692 0.299090909090909 0.697775852430561 0.400969405680939 0.464044985459441
0.435672365399337 0.451235525557957 0.729878245663801 0.509090909090909 0.24930907614417 0.823093179841721 0.511824208346743
0.479816279663179 0.585756175471663 0.70239514514066 0.617272727272727 0.190732992834568 0.839451782278762 0.545612258527017
0.285174789487114 0.308289924769414 0.814712643751747 0.253636363636364 0.428489434734784 0.5481828516257 0.425174893944677
0.544934932380709 0.389980945205806 0.898124638547922 0.445454545454545 0.57146946992601 0.561761796475608 0.565357794810514
0.529880071446798 0.384250388529279 0.888059837513281 0.520303030303027 0.449223417566906 0.578308185870195 0.560831256954812
0.577545292166369 0.56747102036745 0.830229161416403 0.545454545454546 0.528905665657831 0.492402451241914 0.615795425950805
0.936973717785149 0.685710355128041 0.855469768575697 0.770454545454545 0.649826630361285 0.354848028265253 0.763221800069891
0.923245725950498 0.604823734777102 0.800856023206922 0.733333333333336 0.329971786459479 0.691806086281122 0.699662829025047
0.992089818831335 0.649867643832912 0.876014273425187 0.757886658795745 0.564739303569581 0.584651199650371 0.754677526449202
0.341566726205665 0.448431129396324 0.72055816606235 0.445454545454545 0.168665398348214 0.425234397179652 0.441393804374855
0.626078081143149 0.561058770201788 0.883416811152959 0.590909090909091 0.667263075456543 0.492402451241914 0.667863664991324
0.588568512375606 0.438636329916166 0.863654496852712 0.435454545454545 0.528905665657831 0.691806086281122 0.554969225332987
0.129624904312325 0.493454259180957 0.878170530442948 0.145454545454545 0.830684189819667 0.714814311592986 0.392918696842955
0.422658841541209 0.315072737048907 0.832775413532723 0.5330303030303 0.279711853253123 0.311295499329297 0.46048618756791
0.928451135493748 0.805215621575168 0.72953994717422 0.812121212121209 0.478776136526665 0.614533457962683 0.783951223044532
0.770910946670069 0.308289924769414 0.835452256761697 0.511818181818182 0.312045073686725 0.341158479033872 0.485490573575272
0.743250829293187 0.614284128639874 0.783086691599371 0.723376623376627 0.328059435835032 0.670388230858196 0.666528148365858
0.775248787956111 0.476136166451019 0.847926568487405 0.480909090909091 0.24930907614417 0.351190628785247 0.595127714721962
0.813830058688441 0.433674626580814 0.789174226988473 0.517272727272727 0.269987859771189 0.855852073364637 0.561191784541246
0.592396019392702 0.471729696646884 0.840981292744608 0.490909090909091 0.464818859025366 0.667903511657918 0.571719452472536
0.983158969124777 0.598724559673745 0.871025835159625 0.809090909090909 0.538465510701785 0.611585646865682 0.71867073329695
0.0763970400612401 0.24213437315214 0.829078285351217 0.0818181818181818 0.514126458024395 0.688812288937344 0.304920964861363
0.248685889257464 0.356675168449898 0.864626712498592 0.341515151515155 0.58045241696399 0.376894539602396 0.490185736464436
0.226078081143149 0.56747102036745 0.844376120751137 0.477878787878791 0.651475075483808 0.322565150158489 0.581672265916943
0.638070936463384 0.392821788522395 0.879842021135505 0.509090909090909 0.496814192839415 0.497180023406974 0.601761599863218
0.0346516968614442 0.594631459382286 0.80440921993347 0.552272727272727 0.608924686794326 0.809832932949142 0.614836356048528
0.157285021689206 0.561058770201788 0.918107503717428 0.471818181818182 0.830684189819667 0.56467718459916 0.614395833856414
0.690533299311049 0.456804055863587 0.915432256982621 0.633333333333336 0.595221027067551 0.324825314995511 0.680161069736126
1 0.65836383808775 0.92896475004694 0.832727272727273 0.698210022942365 0.555936944296265 0.794282569226762
0.648379688696096 0.592576671645786 0.82607396491946 0.5 0.466373284800355 0.387981844018034 0.592746244248951
0.825771880581781 0.711061009301162 0.715718463061703 0.727272727272727 0.408213243971277 0.806776876936004 0.738094136476381
0.902168920643021 0.663386339370334 0.856184642745459 0.915584415584418 0.525973101317379 0.480485035781526 0.748144148479845
0.513549374840521 0.4087195624693 0.838509289173705 0.536363636363636 0.398647773872503 0.629300066690739 0.523681719721883
0.305945394233223 0.534816871780647 0.889379199554683 0.571818181818182 0.672073994507814 0.483818068176783 0.63193568077771
0.900791018116867 0.764841080121256 0.796428267759976 0.935454545454545 0.561108155080099 0.392613848543747 0.818742188206912
0.0239346772135749 0.547403770450451 0.803536129994508 0.458754208754209 0.578574693493952 0.526933186046146 0.550500119518195
0.351722378157693 0.277312905108376 0.749225431987196 0.315151515151518 0.236756439094004 0.706800328197457 0.396140783734863
0.420056136769584 0.155397378405026 0.871928566407723 0.3869696969697 0.317208880805155 0.237015312178635 0.457939771064423
0.264149017606532 0.318421871351863 0.786608883708495 0.344545454545455 0.320532498569902 0.825135704605207 0.430983153710362
0.879561112528706 0.701547845313326 0.943336729492624 0.909090909090909 0.803840943995404 0.365849620249191 0.84762219326234
0.934983414136259 0.718175699529223 0.826550512866873 0.749090909090909 0.58359064199606 0.415879740194826 0.78028242218823
0.676243939780556 0.425749127089374 0.905054310795291 0.636363636363636 0.464818859025366 0.3944686527813 0.591293212253721
0.739372288849196 0.616282382036884 0.762977672435571 0.708181818181818 0.292112898337234 0.664923439646631 0.662472949379593
0.57137024751212 0.456804055863587 0.875867646012926 0.590909090909091 0.556592719109417 0.389833785138846 0.634816405972183
0.402551671344731 0.264837678595987 0.83220583807909 0.448484848484845 0.409644636155348 0.320758503692895 0.5077723116714
0 0.433674626580814 0.906481475193406 0.380909090909091 0.855460781665396 0.14759788831556 0.554472452966024
0.897218678234243 0.903758235718323 0.860352311799169 0.924025974025972 0.795545137540743 0.305904796000337 0.87972458365631
0.473590201582036 0.456804055863587 0.697164471192012 0.6 0.122845744853882 0.803722330130227 0.527157219737079
0.613013523858127 0.639880757854532 0.931994959151413 0.6 0.830543841561248 0.356220824459241 0.711819988630869
0.694871140597091 0.573827403578893 0.890269635974308 0.653636363636363 0.587173542987833 0.249208143074674 0.670157974058437
0.103189589180914 0.448431129396324 0.894014043057352 0.363636363636364 0.826050482162797 0.771235533768182 0.537668991434067
0.895024240877775 0.696118316581653 0.957267192885626 0.918181818181818 0.809584643133498 0.27603861701421 0.855594875199591
0.275376371523348 0.384250388529279 0.750659723019751 0.309090909090909 0.308705579948178 0.570027160007982 0.420660887495276
0.205205409543251 0.571714718261124 0.856184642745459 0.480909090909091 0.689517507641512 0.203488517029856 0.590484096557061
0.44521561622863 0.478327545537202 0.77976847765393 0.454545454545455 0.320532498569902 0.909433897684532 0.526756226054702
0.171115080377647 0.528098812532928 0.876356310167939 0.480909090909091 0.719426791393421 0.716819645073591 0.598323468124441
0.0752743046695586 0.277312905108376 0.817406201135758 0.108181818181818 0.492661965916673 0.724848284002717 0.316930619585177
0.295993875988773 0.528098812532928 0.905939545270811 0.6 0.775621087589648 0.561761796475608 0.642804076277713
0.646134217912733 0.323888865898232 0.907022434895102 0.471818181818182 0.482949260190973 0.429921848469799 0.592415227258214
0.641388109211534 0.579501679832922 0.879359148260111 0.517272727272727 0.496814192839415 0.511068737791879 0.615882728089606
0.938249553457515 0.604823734777102 0.884713884700582 0.753636363636364 0.565166570517619 0.354848028265253 0.713737389325862
0.610717019647869 0.478327545537202 0.93346756596856 0.526363636363636 0.73709499203151 0.368606825728955 0.644927743995836
0.66644552181679 0.541469926548183 0.896138686134043 0.693636363636364 0.621909539664007 0.422425153338741 0.693776688203426
0.456085736157183 0.137066652236786 0.818552475990903 0.363636363636364 0.208602587173434 0.948853404724717 0.378734122557504
0.547945904567492 0.541469926548183 0.898124638547922 0.493939393939391 0.74540036873247 0.371366723955661 0.647436368986724
0.10502679254912 0.433674626580814 0.903113822726587 0.354545454545454 0.84707630301285 0.709804190399611 0.536227611805304
0.883592753253381 0.894052324122584 0.846008959338603 0.994805194805191 0.751567675208755 0.33434030609968 0.885723049281866
0.550854809900485 0.464313526012108 0.89225289258705 0.426363636363636 0.596560402623801 0.365849620249191 0.579191069443856
0.0851237560602194 0.378452574067276 0.881591254075524 0.0454545454545454 0.934829263664426 0.990579578814185 0.372181216544619
0.570502679254912 0.500531951063107 0.858034982100012 0.554545454545454 0.50326108292545 0.401899213144165 0.593993131748854
0.526971166113805 0.500531951063107 0.851287731698531 0.678787878787882 0.448910543026591 0.582698542344253 0.602263849861621
0.215718295483542 0.485576450365188 0.846008959338603 0.372727272727273 0.608591102901175 0.198391212124886 0.508992824320988
0.122735391681551 0.318421871351863 0.893176699168636 0.218181818181818 0.730424431551963 0.836381350663764 0.432599634989991
0.501913753508548 0.528098812532928 0.79866601145692 0.418181818181818 0.275113316010969 0.718825710561995 0.518863026945776
0.736973717785149 0.707482827398027 0.686057696474192 0.718181818181818 0.294339182165715 0.720832506547681 0.699355994309456
0.714008675682572 0.721359479571276 0.75691970430896 0.708181818181818 0.410789114593873 0.729872088225733 0.719412661146445
0.0264863485583057 0.645675114890938 0.822285292004286 0.517272727272727 0.661569537309046 0.659960524918871 0.602055355941306
0.0405715743812197 0.524997397255208 0.869325609163417 0.587878787878791 0.420906132156715 0.819010114243544 0.542494971238798
0.491043633579995 0.4177071740302 0.83220583807909 0.451515151515154 0.323850045640188 0.742955049893323 0.522629557378507
0.324623628476652 0.440712450270776 0.842034082250903 0.617272727272727 0.436206372297287 0.582210511235863 0.550848989917867
0.415667262056647 0.356675168449898 0.857987686840731 0.411818181818182 0.448910543026591 0.57733314005366 0.520409253638687
0.788772646083185 0.513769653318645 0.71169191630976 0.509090909090909 0.285314250460705 0.562490458911949 0.595838461125536
0.234651696861444 0.375527619203306 0.824319528582453 0.344545454545455 0.519772620582942 0.117829174704492 0.475927046153321
0.143863230415922 0.634630722691033 0.890227294791629 0.426363636363636 1 0.487630917784076 0.610594726535247
0.442612911457004 0.464313526012108 0.719838414147129 0.509090909090909 0.289883616226237 0.900129901126227 0.514200497342786
0.00107170196478694 0.411732378900391 0.894014043057352 0.387272727272727 0.795181469540457 0.197543307975219 0.549047663915723
0.984792038785404 0.541469926548183 0.867386547909188 0.744545454545454 0.488041123370969 0.591003202398719 0.681189808473077
0.0795100791018117 0.137066652236786 0.871477551448291 0.0363636363636364 0.633706005808989 0.812890493957998 0.3263191585875
0.548660372544016 0.604823734777102 0.880805388760531 0.471818181818182 0.645757303866168 0.322113364502012 0.636946086525851
0.568308241898444 0.571714718261124 0.826603411785612 0.545454545454546 0.561108155080099 0.42148927918216 0.624560219307929
0.0668537892319469 0.200996409410483 0.794588667854342 0.153636363636364 0.393849866781299 0.787964709773876 0.330165581041733
0.866955856085736 0.652002552278358 0.836832068338769 0.854545454545454 0.398647773872503 0.450625231305417 0.723371073591226
0.921765756570554 0.659338256650656 0.679378981776455 0.750606060606064 0.247572439840262 0.682829788495223 0.728723607509065
0.858229140086757 0.67610703181435 0.820614529692039 0.83 0.43793542452795 0.434615975547646 0.734493347952792
0.0106659862209747 0.392821788522395 0.830802809215347 0.344545454545455 0.561108155080099 0.59393790792084 0.480742196428121
0.241541209492217 0.425749127089374 0.856184642745459 0.344545454545455 0.618806443400324 0 0.494351470605095
0.13023730543506 0.454026430737598 0.881591254075524 0.136363636363636 0.834472014202586 0.676854117018686 0.388239044522865
0.345036999234499 0.338924085573179 0.767510837727917 0.335454545454545 0.24930907614417 0.527896692223849 0.437528224284907
0.561878030109722 0.634630722691033 0.816200146783981 0.584848484848482 0.542553404841247 0.208175733857206 0.629524420252273
0.936565450369992 0.707482827398027 0.817960445803293 0.750606060606064 0.514126458024395 0.358968486108613 0.772374800321397
0.444092880836948 0.433674626580814 0.71391905003693 0.490909090909091 0.227793729010553 0.877439731575938 0.504655725396895
0.30757846389385 0.443296953131123 0.89738145094512 0.536363636363636 0.618806443400324 0.493357483962204 0.568529417269801
0.865322786425108 0.697931809068578 0.794052189814303 0.876818181818182 0.377821524015437 0.437435633931884 0.756583581673122
0.288287828527686 0.509618240969247 0.848416173462242 0.253636363636364 0.751118703591116 0.527896692223849 0.470623149715299
0.481755549885175 0.52063131586164 0.781025605819098 0.645454545454545 0.227793729010553 0.804231316278959 0.568653949125145
0.563102832355193 0.547403770450451 0.838509289173705 0.526363636363636 0.496814192839415 0.240925717506792 0.603573401494524
0.569073743301863 0.573827403578893 0.835452256761697 0.581818181818182 0.50295441989656 0.423361298018454 0.632685311008055
0.262362847665221 0.469267772527544 0.753451511075295 0.445454545454545 0.303516707118449 0.937420108756487 0.427231119572329
0.781730033171728 0.483169550859139 0.726940923638491 0.5 0.278180500321045 0.472403103378609 0.578988964937548
0.0214340392957387 0.604823734777102 0.822875702527649 0.29 0.687921787207895 0.419150780245932 0.457475854478444
0.747078336310283 0.547403770450451 0.821693606969358 0.672727272727273 0.339222765547564 0.582210511235863 0.63265007039437
0.798162796631794 0.569595943210095 0.805154304499613 0.445454545454545 0.488041123370969 0.557392414456968 0.596433313801155
0.865067619290635 0.707482827398027 0.786608883708495 0.879090909090909 0.377216639480369 0.432737527058545 0.763288433014871
0.972390916050013 0.742657374683545 0.902707976065593 0.781818181818182 0.779880680929254 0.577820636135646 0.838416414569155
0.0333248277621842 0.623500695171397 0.821055666939913 0.517272727272727 0.578956972061748 0.824114359686096 0.597614996516859
0.636080632814493 0.509618240969247 0.822875702527649 0.554545454545454 0.426753700519129 0.474778284449769 0.596664885970215
0.272365399336565 0.288286558482162 0.787955759510899 0.236363636363636 0.303516707118449 0.522119107544438 0.396719030115142
0.870324062260781 0.845572345974511 0.747657796413431 0.957575757575755 0.517027198037908 0.451569292825368 0.809179676529795
0.809339117121715 0.719768958725675 0.764920796281915 0.471818181818182 0.406462560616562 0.855852073364637 0.583003807101843
0.490635366164838 0.440712450270776 0.828133081840327 0.454545454545455 0.315045233101985 0.751525603919425 0.536517940402276
0.979025261546313 0.666959635797045 0.853314323709005 0.772727272727273 0.635324977314597 0.659960524918871 0.760605640289874
0.815565195202858 0.32928501009982 0.838509289173705 0.471818181818182 0.289883616226237 0.817989762049362 0.502215659393117
0.344526664965552 0.365746786664973 0.763716466064953 0.354545454545454 0.247572439840262 0.509629665898233 0.444797800614081
0.494871140597091 0.440712450270776 0.803374133981722 0.445151515151518 0.362890830851837 0.745978486608584 0.531436119486489
0.861495279408012 0.941122149071289 0.65833246799654 0.912121212121209 0.469479399221719 0.439316725042967 0.751639958471431
0.0774177085991324 0.200996409410483 0.848416173462242 0.0636363636363637 0.559603724698572 0.701797592102764 0.311539959329684
0.583924470528196 0.471729696646884 0.87314282345216 0.5 0.51840023003791 0.506273893882291 0.596740190758077
0.319367185506507 0.464313526012108 0.782401471789391 0.463636363636364 0.380682332157964 0.552058122204499 0.483918153566876
0.470630262822148 0.237979319018486 0.918801562322788 0.445454545454545 0.388560223144259 0.814929702004369 0.521316731113696
0.562694564940036 0.579501679832922 0.833343822697743 0.536363636363636 0.496814192839415 0.229219797285315 0.610658715202032
0.0165348303138556 0.498181413370533 0.839874113082261 0.344545454545455 0.657037731638059 0.339793410323311 0.493464306122946
0.676907374330186 0.466795761342839 0.89397223171308 0.645454545454545 0.512598592932068 0.403294450442695 0.620021153332663
0.791834651696861 0.318421871351863 0.774870868511223 0.435454545454545 0.196178071377334 0.544633655998298 0.479191077488026
0.958050523092626 0.789831539535232 0.877362791021047 0.8174064171123 0.802363840595833 0.51154854597438 0.847123245749732
0.377596325593264 0.493454259180957 0.775512180803358 0.574675324675327 0.291476267893226 0.354848028265253 0.492285513992373
0.322480224547078 0.392821788522395 0.819639707247516 0.5 0.392088053240211 0.541409729826163 0.50401848352699
0.212758356723654 0.534816871780647 0.835452256761697 0.332727272727273 0.60592126802021 0.108371229813646 0.480226415600808
0.603929573870885 0.718175699529223 0.818007231782801 0.545454545454546 0.687921787207895 0.454403020836717 0.666468377712561
0.790354682316918 0.456804055863587 0.692534018640382 0.480909090909091 0.128135315953652 0.561761796475608 0.559264344289741
0.402755805052309 0.253086060795445 0.832775413532723 0.412121212121209 0.412504778386565 0.318502061380735 0.50401273429652
0.983618269966828 0.579501679832922 0.875378162579564 0.787272727272727 0.524799268094495 0.60128293687753 0.706697661676059
0.805511610104619 0.433674626580814 0.842534025733814 0.435454545454545 0.486344881947678 0.744466568052726 0.571808029582127
0.587649910691503 0.356675168449898 0.868209383768617 0.435454545454545 0.511069923769002 0.647079774611126 0.553429722072606
0.885276856340903 0.809389335943295 0.93461451658496 0.980909090909091 0.888618054436269 0.281802020726727 0.912747777115008
0.519265118652718 0.551767148422237 0.831842771170944 0.581818181818182 0.459682718852764 0.560790438318022 0.599248865213106
0.217504465424853 0.56533989072997 0.855660576927111 0.372727272727273 0.774058202975948 0.286690797696811 0.52948167794825
0.7687165093136 0.498181413370533 0.840981292744608 0.554545454545454 0.478776136526665 0.340248353895397 0.608381372902421
0.504159224291911 0.516064756041592 0.834939476102491 0.471818181818182 0.452037562507195 0.716819645073591 0.561884714629917
0.188415412094922 0.659608729746652 0.865963927868975 0.372727272727273 0.748260500146174 0.206469681722192 0.528899634541536
0.957591222250574 0.789831539535232 0.883998111907593 0.807540106951873 0.824736351772763 0.525969909612086 0.851107079742191
0.779331462107681 0.277312905108376 0.844028540520391 0.480909090909091 0.351652088664346 0.401899213144165 0.513978934554334
0.107170196478694 0.400413506057062 0.902240574671856 0.312121212121209 0.822255853206586 0.673868856027808 0.505752575435021
0.324368461342179 0.395364953147394 0.851723220339173 0.575151515151518 0.420747891518941 0.579771156655046 0.521965652307546
0.523194692523603 0.473936914720823 0.920797834389119 0.557272727272727 0.53543390845133 0.56321924448981 0.620077389347596
0.23051798928298 0.471729696646884 0.824759188051192 0.39 0.494046725298653 0.137848419455099 0.502693763704266
0.279765246236285 0.29894448830951 0.786055889412159 0.29 0.366461230167561 0.678347392248815 0.41489588972064
0.421127838734371 0.200996409410483 0.83220583807909 0.324242424242427 0.298816496623938 0.229219797285315 0.437037715777079
0.457718805817811 0.547403770450451 0.759592172125636 0.536363636363636 0.263127038091686 0.917714556657631 0.53741606258547
0.755447818321 0.384250388529279 0.816803841760952 0.612077922077918 0.181019039006475 0.641146034455566 0.525583091038554
0.959683592753253 0.770207085949167 0.901674804117118 0.817854217854218 0.821066310024037 0.472403103378609 0.860131929671097
0.86976269456494 0.86597949677661 0.735873740373478 0.912121212121209 0.530577028294013 0.461024005768229 0.79086282953224
0.552232712426639 0.573827403578893 0.869621030086163 0.463636363636364 0.571169610948761 0.422425153338741 0.628675855394162
0.845368716509314 0.54345347220645 0.817406201135758 0.672727272727273 0.341211864299745 0.532717658448498 0.643398213816967
0.242204644041847 0.400413506057062 0.857609042901514 0.33 0.609925245092791 0.00913176646881829 0.484266587659841
0.611482521051289 0.636384476648239 0.882461980055023 0.584848484848482 0.742824593771057 0.382432950835717 0.689449546740908
0.229344220464404 0.464313526012108 0.809018358022519 0.363636363636364 0.496814192839415 0.20093775627801 0.482173322112844
0.815820362337331 0.338924085573179 0.841533246679539 0.4969696969697 0.338377216099229 0.809832932949142 0.509485967922738
0.225159479459046 0.618474656504668 0.835452256761697 0.581818181818182 0.672073994507814 0.344802141409354 0.649335670407851
0.278336310283236 0.384250388529279 0.781025605819098 0.29 0.398647773872503 0.629300066690739 0.417248572888754
0.346772135748916 0.440712450270776 0.738335366726522 0.393333333333336 0.261234799052183 0.59393790792084 0.448620690566105
0.179280428680786 0.610272373505703 0.881983399918304 0.454545454545455 0.888855796808735 0.70079760177028 0.602076388063708
0.550752743046696 0.464313526012108 0.889845951998544 0.426363636363636 0.599832201852375 0.360343347654067 0.578985704576908
0.575197754529217 0.573827403578893 0.840428249887476 0.56 0.617475704715084 0.480960999155686 0.641186042580274
0.493850472059199 0.365746786664973 0.827659263862439 0.409090909090909 0.289883616226237 0.757078066946164 0.487936772310877
0.858943608063281 0.652002552278358 0.841533246679539 0.818181818181818 0.450318175901138 0.432737527058545 0.720346691181157
0.644960449094157 0.400413506057062 0.905939545270811 0.5 0.511069923769002 0.462444409432857 0.610762401658302
0.974738453687165 0.670331182489345 0.907022434895102 0.835454545454545 0.76708947333238 0.65351601038729 0.830730190431408
0.671497831079357 0.672198576261621 0.806296565220483 0.736363636363636 0.507704005200826 0.429921848469799 0.709385667002
0.233733095177341 0.425749127089374 0.818007231782801 0.3869696969697 0.538465510701785 0.144338438087842 0.504046462286512
0.12360295993876 0.288286558482162 0.891494910843156 0.199090909090909 0.719426791393421 0.819010114243544 0.418601423564776
0.469456494003572 0.288286558482162 0.925355703207754 0.5 0.359964979767075 0.803722330130227 0.507801681079604
0.861852513396275 0.905120661071302 0.665744979717561 0.909090909090909 0.446092935906637 0.434146263957749 0.748026781898933
0.646236284766522 0.318421871351863 0.907022434895102 0.471818181818182 0.481558928627499 0.426171350781364 0.592395771213021
0.891451900995152 0.842759842261312 0.879121810185415 0.955844155844154 0.738200596661703 0.226628901271538 0.874098758072878
0.96407246746619 0.693076147649626 0.996168232590766 0.782637182637182 0.972038394812441 0.405621244899927 0.853144668932728
0.341107425363613 0.478327545537202 0.738335366726522 0.480909090909091 0.219478550655933 0.421021443688661 0.449131702094282
0.669405460576678 0.511927814004469 0.878567272571936 0.630303030303027 0.548901582063713 0.444024044505614 0.639404814598687
0.269507527430467 0.466795761342839 0.7735834457615 0.335454545454545 0.384222868416899 0.538510335241358 0.452469065039069
0.963357999489666 0.706076722965036 0.982562986120625 0.788370188370191 0.947759950255707 0.390760186547162 0.85278900769351
0.158662924215361 0.628757442496506 0.894390081438924 0.565757575757573 0.786545808558265 0.617483114586464 0.664977708641694
0.319060984945139 0.478327545537202 0.788626615464011 0.477878787878791 0.414250920287915 0.563705169895502 0.508720625513584
0.255116101046185 0.448431129396324 0.833059763553008 0.624242424242427 0.496814192839415 0.936381616260128 0.557056278959091
0.629497320745088 0.431045392800527 0.890269635974308 0.562727272727273 0.542553404841247 0.431798701216046 0.633185205471638
0.657922939525389 0.62284117734951 0.821801281154544 0.639393939393936 0.511069923769002 0.404690317630272 0.672816378915141
0.733605511610105 0.440712450270776 0.790266042727403 0.645454545454545 0.227793729010553 0.787457078773186 0.553873472467856
0.547027302883389 0.545431402877092 0.871477551448291 0.471818181818182 0.676005683706858 0.431798701216046 0.635986972788324
0.175401888236795 0.553938801091262 0.893176699168636 0.480909090909091 0.822255853206586 0.812890493957998 0.613616543183722
0.699004848175555 0.598724559673745 0.851287731698531 0.603506493506491 0.58359064199606 0.275595923581935 0.669010946530719
0.559989793314621 0.556536075848467 0.859497271553225 0.545454545454546 0.538465510701785 0.135424803538963 0.620792857583338
0.939933656545037 0.528098812532928 0.889845951998544 0.708181818181818 0.570119885606361 0.371366723955661 0.691953218893907
0.242766011737688 0.375527619203306 0.857609042901514 0.318181818181818 0.60592126802021 0.0202646585997071 0.476154369923391
0.321357489155397 0.478327545537202 0.812507769339823 0.678787878787882 0.419323252499216 0.550120041822129 0.539700603513599
0.322327124266394 0.402502509110967 0.818007231782801 0.509090909090909 0.384222868416899 0.541409729826163 0.499527031444918
0.904210257718806 0.637784777844703 0.803201230151678 0.878571428571427 0.38001495877044 0.539476574419176 0.72542995279909
0.574738453687165 0.579501679832922 0.852688588399532 0.554545454545454 0.652793301721161 0.475728791448423 0.648514436791117
0.264200051033427 0.318421871351863 0.786608883708495 0.344545454545455 0.316876181840809 0.823093179841721 0.429979674352086
0.403623373309518 0.216289019562453 0.828606087923679 0.33 0.398647773872503 0.305904796000337 0.45460179490601
0.192089818831335 0.528098812532928 0.891115193817132 0.335454545454545 0.749546929687025 0.243537269628148 0.510765821456967
0.132380709364634 0.348354490890903 0.89894824455312 0.127272727272727 0.865503062981039 0.516349850031933 0.393128856063667
0.0276090839499872 0.616282382036884 0.825490395135962 0.506060606060609 0.722592531941116 0.717321092879091 0.60224973205624
0.0602704771625415 0.186262605609333 0.794052189814303 0.153636363636364 0.415995764273125 0.691806086281122 0.332439977614557
0.922174023985711 0.657713602084026 0.772419244149865 0.7569696969697 0.266218266535008 0.682829788495223 0.730269914699455
0.885787190609849 0.779411487895618 0.931366981942098 0.963636363636363 0.837776365647627 0.265880327396268 0.877317533841402
0.781270732329676 0.513769653318645 0.738335366726522 0.511818181818182 0.316876181840809 0.464813013321309 0.598956691111856
0.43250829293187 0.277312905108376 0.85041474390392 0.463636363636364 0.264329940011756 0.776300031065372 0.432385190999059
0.495993875988773 0.485576450365188 0.793454824980673 0.627272727272727 0.289883616226237 0.738926296879311 0.572402665147347
0.187598877264608 0.583677137116375 0.887291049696879 0.39 0.806481926591862 0.264559017060263 0.551530142747188
0.371166113804542 0.52063131586164 0.80440921993347 0.432424242424246 0.430223929041362 0.20093775627801 0.527749709313988
0.747435570298546 0.528098812532928 0.828606087923679 0.662727272727273 0.332150897928665 0.584651199650371 0.621737054171751
0.48037764735902 0.56747102036745 0.607113045932587 0.617272727272727 0.156876555131741 0.820030632272283 0.524670836084224
0.90094411839755 0.754153904475975 0.813993523170818 0.935454545454545 0.564535600069534 0.40655245093225 0.811838061036952
0.925440163306966 0.513769653318645 0.858034982100012 0.684848484848482 0.459682718852764 0.648069423453032 0.648069423452794
0.506302628221485 0.375527619203306 0.857135031587888 0.418181818181818 0.408213243971277 0.704798677653173 0.524290332874776
0.127124266394488 0.237979319018486 0.899851604263199 0.153636363636364 0.762389949871195 0.764152523749848 0.395794928554794
0.0588415412094922 0.225159994024773 0.830698597984209 0.199090909090909 0.495430800077462 0.641146034455566 0.379301956805361
0.798826231181424 0.50753264277568 0.819096632796888 0.426363636363636 0.482949260190973 0.566621868603202 0.596367982403234
0.161316662413881 0.518351947253212 0.870120288380197 0.490909090909091 0.792210413880696 0.603733889981316 0.611308005381285
0.645776983924471 0.348354490890903 0.905939545270811 0.480909090909091 0.489582258643771 0.440257665000618 0.598162455411815
0.62862975248788 0.490839253998292 0.91304749354893 0.562727272727273 0.574166953724591 0.42148927918216 0.651877408023837
0.0341923960193927 0.624818105844534 0.7981377188667 0.6 0.574166953724591 0.814419837526659 0.629327696717946
0.121408522582291 0.365746786664973 0.893637529570611 0.2569696969697 0.754260512412299 0.847646754172525 0.460512583117394
0.273284001020669 0.381360050996037 0.766915462149969 0.432727272727273 0.366461230167561 0.543343785982508 0.467309810593683
0.0945649400357234 0.466795761342839 0.874575414078137 0.236363636363636 0.868010414399819 0.847646754172525 0.455021500461793
0.379943863230416 0.53194578505948 0.790266042727403 0.438311688311691 0.340631189088784 0.337519885580446 0.492849214572575
0.314927277366675 0.387123914235291 0.849441593717979 0.463636363636364 0.482949260190973 0.684823198715379 0.505877108219492
0.403521306455728 0.229494911438996 0.830802809215347 0.335454545454545 0.398647773872503 0.307700331382902 0.458722932379415
0.128298035213065 0.359718800214499 0.905497252567429 0.145454545454545 0.803659446275596 0.739933217173603 0.396356736933046
0.248787956111253 0.356675168449898 0.86504237427226 0.335454545454545 0.575814315098638 0.385206094182174 0.485837750749488
0.202908905332993 0.70353049861308 0.835912953434163 0.590909090909091 0.69386616744715 0.215018089638693 0.658684719270905
0.977800459300842 0.612280806626097 0.916908477639949 0.763636363636364 0.684728383875489 0.660952719668471 0.778726705969954
0.353865782087267 0.381360050996037 0.723810046447536 0.332727272727273 0.226205662806612 0.761119562938445 0.429358589635308
0.706812962490431 0.63248211296086 0.903883427442304 0.631168831168827 0.512380260927547 0.529342381581856 0.702896032225889
0.8398060729778 0.781238646313336 NA 0.690909090909091 0 0.712809711637424 0.541103579578673
0.249349323807094 0.32928501009982 0.863236826032566 0.321212121212118 0.574166953724591 0.440728233398027 0.475986431943528
0.909058433273794 0.585756175471663 0.762766193844995 0.809090909090909 0.186722470569345 0.684823198715379 0.684049597739383
0.885634090329166 0.789831539535232 0.92928399814881 0.971818181818182 0.84707630301285 0.269849388109329 0.885108271085327
0.465884154120949 0.513769653318645 0.726083964632136 0.545454545454546 0.224438833582579 0.786441944832649 0.534414846110407
0.789027813217658 0.50753264277568 0.713178988833407 0.509090909090909 0.269987859771189 0.56564941759418 0.59496410563316
0.30170961980097 0.471729696646884 0.905054310795291 0.509090909090909 0.724174484188978 0.435555597344801 0.600360035343933
0.617606532278642 0.464313526012108 0.9468051208236 0.562727272727273 0.724174484188978 0.361718893760092 0.670174848015031
0.0504720591987752 0.32928501009982 0.822875702527649 0.335454545454545 0.478776136526665 0.56467718459916 0.460131762245959
0.0136259249808625 0.342090006140798 0.857609042901514 0.299090909090909 0.648690605509265 0.459131022015239 0.467177703436201
0.554171982648635 0.598724559673745 0.7735834457615 0.517272727272727 0.488041123370969 0.393541108131367 0.586288115130299
0.249961724929829 0.308289924769414 0.864117865957007 0.309090909090909 0.570119885606361 0.503878687824435 0.467359796451809
0.125082929318704 0.24213437315214 0.89225289258705 0.172727272727273 0.71553820035284 0.796600947241056 0.401239362137826
0.872008165348303 0.759766532050398 0.862725514752857 0.990909090909091 0.658938835697989 0.469554941380934 0.82585601194543
0.596427660117377 0.4177071740302 0.870120288380197 0.426363636363636 0.482949260190973 0.616499691056862 0.549283734566817
0.955141617759633 0.56747102036745 0.940763929325362 0.724242424242427 0.73709499203151 0.568080953288021 0.801437772159241
0.026843582546568 0.647789600579144 0.805554648632303 0.549545454545454 0.702115418602381 0.682829788495223 0.623547148901517
0.688236795100791 0.55869329114863 0.873187698749461 0.681818181818182 0.538465510701785 0.4172812051389 0.646721257608363
0.296912477672876 0.541469926548183 0.901405574770701 0.590909090909091 0.792210413880696 0.531270768609485 0.652253058340178
0.263842817045165 0.338924085573179 0.7849463863147 0.354545454545454 0.320532498569902 0.83740466478352 0.433062104626128
0.184128604235774 0.528098812532928 0.889845951998544 0.39 0.84707630301285 0.483818068176783 0.556578717608706
0.217555498851748 0.56747102036745 0.856184642745459 0.372727272727273 0.781157757720927 0.288916580077104 0.530386462826499
0.152181678999745 0.628757442496506 0.894765646111845 0.584848484848482 0.938539146017414 0.662937691891513 0.699621525141131
0.168359275325338 0.528098812532928 0.860436737811311 0.457575757575755 0.636943221107165 0.836381350663764 0.570337256916451
0.538555754018882 0.443296953131123 0.910248043057114 0.418181818181818 0.558851241892891 0.541409729826163 0.565574343367554
0.0400102066853789 0.500531951063107 0.767258423408211 0.536363636363636 0.414250920287915 0.820540953426936 0.508521609736586
0.0427660117376882 0.448431129396324 0.83739226222211 0.480909090909091 0.495430800077462 0.739933217173603 0.542704995944985
0.742434294462873 0.495822217965911 0.835912953434163 0.680519480519482 0.332306452055359 0.66641325837535 0.601943762909429
0.734422046440418 0.400413506057062 0.811321661571573 0.620129870129873 0.238331831546043 0.775286785876496 0.532799070151653
0.031895891809135 0.55869329114863 0.816200146783981 0.480909090909091 0.632086304073887 0.785426981775761 0.573796778130295
0.769175810155652 0.454026430737598 0.843033080827128 0.562727272727273 0.459682718852764 0.348450833059301 0.583774083954292
0.465526920132687 0.509618240969247 0.704113011029055 0.545454545454546 0.14797931600312 0.793551461876164 0.528592028280075
0.148609339117122 0.616282382036884 0.885876392899218 0.4 0.933317085512745 0.681335228682562 0.577356285490184
0.235468231691758 0.348354490890903 0.83220583807909 0.318181818181818 0.517027198037908 0.0802904350034339 0.460361730050584
0.710181168665476 0.461820926265669 0.856660232556272 0.627272727272727 0.37164362011073 0.660952719668471 0.581408603621146
0.800459300842052 0.403196971569383 0.838509289173705 0.39 0.455472881624368 0.591003202398719 0.549113304429363
0.171625414646594 0.59030998519675 0.890692715911979 0.474848484848482 0.789662229054684 0.728866965489325 0.605488776872058
0.789180913498341 0.505207465333341 0.703941789650506 0.509090909090909 0.262783173703613 0.56613561586425 0.592433016117615
0.881347282470018 0.663386339370334 0.956817333026088 0.89 0.801117717653051 0.343435176535712 0.846705348014407
0.199591732584843 0.500531951063107 0.878567272571936 0.554545454545454 0.661569537309046 0.102902857545464 0.605377972869686
0.487165093136004 0.375527619203306 0.822285292004286 0.490909090909091 0.227793729010553 0.760614222529079 0.492353633143437
0.329829038019903 0.400413506057062 0.838509289173705 0.5 0.374553108430898 0.550120041822129 0.497105614452106
0.441490176065323 0.17697100593034 0.875467220650046 0.408787878787882 0.349691094249339 0.892902115114262 0.482345095448575
0.210002551671345 0.647789600579144 0.856041811140313 0.39 0.669013206564646 0.0613895999498062 0.529184684531808
0.610870119928553 0.48821336779101 0.941480713480471 0.526363636363636 0.739674281839111 0.376894539602396 0.647149638801999
0.00969635110997704 0.365746786664973 0.841533246679539 0.354545454545454 0.632086304073887 0.598343512707606 0.497563499645612
0.389027813217658 0.277312905108376 0.843033080827128 0.327272727272727 0.388560223144259 0.13461818221844 0.454956204407911
0.223832610359786 0.604823734777102 0.836372889652356 0.418181818181818 0.67760632548651 0.346625861026671 0.54388846333973
0.680836948201072 0.456804055863587 0.909534203122726 0.623939393939391 0.547542353776648 0.474303123980714 0.646745881968011
0.309109466700689 0.400413506057062 0.908739071328682 0.463636363636364 0.647224247940048 0.519233433629124 0.546485549846363
0.102781321765757 0.456804055863587 0.890269635974308 0.380909090909091 0.818035970544344 0.780861767087996 0.547121802620738
0.832967593773922 0.739198672208106 0.623770167388444 0.753636363636364 0.245833651100102 0.851235312471259 0.68508828257514
0.915794845623884 0.592576671645786 0.836005001420369 0.79 0.37890988589152 0.712809711637424 0.694102427357201
0.6398060729778 0.400413506057062 0.903113822726587 0.471818181818182 0.496814192839415 0.513468365374891 0.591230081339134
0.0985455473335034 0.493454259180957 0.880805388760531 0.309090909090909 0.76708947333238 0.738926296879311 0.492628905350228
0.567746874202603 0.551767148422237 0.841533246679539 0.490909090909091 0.504640658909431 0.418683284297431 0.590654961282256
0.371880581781067 0.553938801091262 0.79093104214711 0.557272727272727 0.429908658359232 0.231814518811018 0.528415337011963
0.489410563919367 0.513769653318645 0.81570521626633 0.480909090909091 0.289883616226237 0.746482548333783 0.562106764953211
0.365042102577188 0.464313526012108 0.85460954704931 0.442121212121209 0.542553404841247 0.401899213144165 0.54964766388121
0.911354937484052 0.52063131586164 0.817761515771055 0.763636363636364 0.289883616226237 0.707801430940081 0.643830634342334
0.776014289359531 0.495822217965911 0.788626615464011 0.466363636363636 0.217702238722898 0.376894539602396 0.574757000387119
0.853483031385558 0.943015929585194 0.588403210254 0.781818181818182 0.439663272894575 0.455348110004448 0.700051906162736
0.620464404184741 0.569595943210095 0.859497271553225 0.562727272727273 0.58045241696399 0.430860141543634 0.643262262123639
0.280990048481756 0.414728145086996 0.836984960063094 0.327272727272727 0.364352194660943 0.706800328197457 0.456384556211942
0.42587394743557 0.172180172572227 0.846008959338603 0.440454545454545 0.350181524392162 0.515389121502681 0.4756020991635
0.884613421791273 0.861374560141355 0.855841726702828 1 0.733223066683641 0.302765917938052 0.892186999099696
0.86312834906864 0.831594096386801 0.644500582285526 0.9 0.343468392075409 0.404690317630272 0.726897232413762
0.284715488645063 0.318421871351863 0.801698031740685 0.272727272727273 0.409644636155348 0.583186626772843 0.419852215949657
0.917734115845879 0.52063131586164 0.860436737811311 0.741818181818182 0.420906132156715 0.694801574455703 0.650761651755286
0.646899719316152 0.311695681432421 0.901894636620629 0.454545454545455 0.469479399221719 0.410280053272251 0.580009507611711
0.848175554988517 0.789831539535232 0.664730213324285 0.805757575757573 0.338377216099229 0.461970878226552 0.721516385630958
0.974228119418219 0.712844857754415 0.896138686134043 0.827272727272727 0.759824419102841 0.642628800676168 0.824933180027187
0.797754529216637 0.592576671645786 0.799193257775525 0.463636363636364 0.530577028294013 0.542860187628056 0.62271270272149
0.221995406991579 0.440712450270776 0.85460954704931 0.327272727272727 0.651475075483808 0.369066622172485 0.486250381965918
0.386323041592243 0.440712450270776 0.821862790263129 0.351688311688309 0.412096401405696 0.122994423119804 0.49443571979295
0.411227353916816 0.245827058698809 0.849441593717979 0.380909090909091 0.388560223144259 0.538993426588681 0.493559576223504
0.775708088798163 0.52063131586164 0.799952998436451 0.471818181818182 0.215745336067067 0.365390348846945 0.58091537646705
0.0710385302373054 0.498181413370533 0.772872614512124 0.190909090909091 0.458280198697382 0.819010114243544 0.360774903926355
0.446032151058944 0.405965571129523 0.817406201135758 0.435454545454545 0.345271731702827 0.922376719391861 0.506694001552205
0.344985965807604 0.338924085573179 0.767510837727917 0.342272727272727 0.252819255035541 0.526933186046146 0.439795420584263
0.989027813217658 0.706389144245593 0.763768719660191 0.821641086186536 0.482871035196119 0.563705169895502 0.784219141353838
0.937024751212044 0.680182844436004 0.860942772749715 0.766666666666663 0.658646421213539 0.354848028265253 0.760296113546056
0.383567236539934 0.428025195879284 0.812023986721255 0.357954545454546 0.380903785439773 0.107755602112528 0.487243861878255
0.782903801990304 0.502873934569387 0.7735834457615 0.471818181818182 0.341663380026486 0.503878687824435 0.577383038741382
0.151416177596326 0.665926794425309 0.888443483881031 0.539393939393936 0.944442143936833 0.667903511657918 0.670790157401527
0.146874202602705 0.509618240969247 0.930552415261453 0.332727272727273 0.955407201349567 0.642628800676168 0.543766524933493
0.628731819341669 0.483169550859139 0.901853911846063 0.562727272727273 0.577460845189134 0.422893191890887 0.649215888218776
0.611635621331972 0.645675114890938 0.877729074261527 0.590909090909091 0.719426791393421 0.38150915134773 0.68589592168689
0.169635110997704 0.485576450365188 0.874173209506729 0.466060606060609 0.685018801713967 0.756068131910929 0.58437276926286
0.333656545036999 0.433674626580814 0.7581566633419 0.418181818181818 0.268104232308034 0.444024044505614 0.44402404450557
0.821025771880582 0.539259337302321 0.841533246679539 0.687878787878791 0.514126458024395 0.673868856027808 0.641142538678948
0.379331462107681 0.561058770201788 0.789564681264315 0.462337662337664 0.300496630762636 0.372287285855284 0.495265640999444
0.971268180658331 0.652002552278358 0.949957143119167 0.753636363636364 0.796878336037707 0.544794917789743 0.825801038371549
0.59601939270222 0.395364953147394 0.876844158237127 0.426363636363636 0.482949260190973 0.612568045101589 0.550693013016185
0.512171472314366 0.50753264277568 0.822875702527649 0.662727272727273 0.433374400418055 0.661945108731131 0.598280411863241
0.157846389385047 0.57761507282008 0.893637529570611 0.480909090909091 0.839097462002063 0.589047786930643 0.61547985071435
0.466241388109212 0.493454259180957 0.7351980815376 0.526363636363636 0.24930907614417 0.77934080115281 0.534826462554939
0.00520540954325083 0.399156026104688 0.878765442247879 0.357575757575754 0.71683481077583 0.310396197028417 0.517580543612995
0.277366675172238 0.459317818539204 0.766915462149969 0.341515151515155 0.397049609587871 0.622403292443488 0.454059392144805
0.554427149783108 0.579501679832922 0.774870868511223 0.509090909090909 0.488041123370969 0.38659364415492 0.579161643167322
0.466700688951263 0.448431129396324 0.880236508434391 0.523333333333336 0.356383227267729 0.788472383434459 0.557601847348474
0.0371013013523858 0.493454259180957 0.830229161416403 0.569090909090909 0.611851430934731 0.815949555776428 0.583041557122476
0.516713447307987 0.636384476648239 0.755538154785374 0.614242424242427 0.343468392075409 0.578308185870195 0.585018847668005
0.0387854044399081 0.56747102036745 0.777235822389478 0.581818181818182 0.510611165740212 0.838939941793975 0.578437499063821
0.547996937994386 0.547403770450451 0.899851604263199 0.5 0.734227244932929 0.367227885463373 0.650499805922003
0.674100535850982 0.505207465333341 0.891115193817132 0.721212121212118 0.504947140923712 0.431798701216046 0.619640543635823
0.885378923194692 0.808627948496036 0.931842039661002 0.978311688311691 0.869323278799644 0.278253471337726 0.901467955010352
0.270119928553202 0.400413506057062 0.788626615464011 0.309090909090909 0.356383227267729 0.541409729826163 0.431580060798179
0.540137790252615 0.547403770450451 0.85278494505445 0.480909090909091 0.492661965916673 0.615516472101754 0.583224281297359
0.96417453431998 0.691203425189558 0.998066947708738 0.781818181818182 0.975497961967722 0.403759669597079 0.853429124661759
0.740903291656035 0.528098812532928 0.819639707247516 0.699090909090909 0.329971786459479 0.681335228682562 0.618899411909784
0.294769073743302 0.448431129396324 0.907022434895102 0.39 0.782718129229482 0.57343510691749 0.554151777998646
0.837101301352386 0.478327545537202 0.784482701572211 0.672727272727273 0.217702238722898 0.773260813758387 0.594846478631818
0.979943863230416 0.730146540322635 0.786178877904799 0.809090909090909 0.581013033467292 0.636700421746375 0.796682686829319
0.716203113039041 0.56747102036745 0.72771735594861 0.681818181818182 0.28662109284448 0.73741625200516 0.619910492289284
0.584996172492983 0.556319996608651 0.847337920759746 0.509090909090909 0.611555164378089 0.535612975405532 0.630502670478289
0.215463128349069 0.483169550859139 0.838863772409641 0.372727272727273 0.614516692815368 0.188248012947362 0.507964952216866
0.976983924470528 0.598724559673745 0.935006338971413 0.772727272727273 0.684728383875489 0.661945108731131 0.780450637105465
0.810257718805818 0.687545170392155 0.697164471192012 0.526363636363636 0.336896606205222 0.849697116798678 0.610793451248258
0.774636386833376 0.456804055863587 0.796309968113123 0.5 0.300496630762636 0.344802141409354 0.570667205543779
0.665373819852003 0.604823734777102 0.884713884700582 0.653636363636363 0.711213164379962 0.397252992158482 0.713986121413553
0.83990813983159 0.779411487895618 NA 0.690909090909091 0.0294658986287919 0.708802718405121 0.548202621589794
0.352692013268691 0.229494911438996 0.763716466064953 0.29 0.253987400124126 0.724848284002717 0.384463596552425
0.430722122990559 0.483169550859139 0.814104281193736 0.581818181818182 0.320283438872892 0.73540348618009 0.536799504825493
0.164684868588926 0.547403770450451 0.872378882573382 0.575151515151518 0.60295234757311 0.721836178006818 0.627715163057037
0.360806328144935 0.29894448830951 0.787955759510899 0.415151515151518 0.223023601742092 0.691307002492203 0.426191095179384
0.82000510334269 0.616282382036884 0.805668923110235 0.681818181818182 0.488041123370969 0.690807965695808 0.684266855695587
0.930951773411585 0.639132807321052 0.848031555243439 0.763636363636364 0.512598592932068 0.56419114994353 0.729970761325238
0.337075784638939 0.365746786664973 0.790266042727403 0.380909090909091 0.329971786459479 0.386131055202088 0.448327819546586
0.545751467211023 0.513769653318645 0.885101896534729 0.471818181818182 0.592540678109245 0.512028412864549 0.609440494819077
0.801479969379944 0.428403625792817 0.840981292744608 0.380909090909091 0.50326108292545 0.621418849641979 0.566124473417873
0.893033937228885 0.789831539535232 0.921836887357232 0.945454545454545 0.754260512412299 0.227492106238896 0.840720803523882
0.718805817810666 0.384250388529279 0.830802809215347 0.617272727272727 0.310543085994988 0.794567787460983 0.52556611943924
0.969226843582547 0.604823734777102 0.957940795828296 0.772727272727273 0.795322899471937 0.466709031003134 0.838332885133786
0.220056136769584 0.471729696646884 0.85041474390392 0.351212121212118 0.684728383875489 0.346625861026671 0.50446005370127
0.366573105384027 0.400413506057062 0.857609042901514 0.354545454545454 0.528905665657831 0.319404388931216 0.499730633122351
0.703393722888492 0.431045392800527 0.905939545270811 0.571818181818182 0.478776136526665 0.390760186547162 0.603582839152962
0.200561367695841 0.513769653318645 0.876112080300234 0.539393939393936 0.699367578182602 0.113481484067252 0.617563210124233
0.509313600408267 0.471729696646884 0.789174226988473 0.457575757575755 0.335414847110899 0.704798677653173 0.540486429369787
0.478999744832866 0.594631459382286 0.705818394620829 0.581818181818182 0.203037188539303 0.872293461098486 0.543463387715998
0.0230671089563664 0.500531951063107 0.791051771085891 0.463636363636364 0.577460845189134 0.492402451241914 0.550610174712016
0.587854044399081 0.348354490890903 0.870120288380197 0.435454545454545 0.506019569662272 0.658968524698271 0.553854407283045
0.860984945139066 0.99492240232286 0.663710778153053 0.912121212121209 0.532247462338418 0.444024044505614 0.768124218948083
0.581321765756571 0.403196971569383 0.875912103833383 0.4969696969697 0.554935440963251 0.507711727759358 0.594751735613492
0.833375861189079 0.719768958725675 0.598521766777477 0.763636363636364 0.273406717890044 0.83740466478352 0.670043354360408
0.447052819596836 0.277312905108376 0.829078285351217 0.409090909090909 0.307786103336229 0.929116381443061 0.44540952199384
0.686195458025006 0.661499631908979 0.791594368429381 0.744545454545454 0.455472881624368 0.474778284449769 0.700046183130768
0.841081908650166 0.739198672208106 0.540440942943171 0.699090909090909 0.136095126635923 0.642134495633342 0.630675791335789
0.06976269456494 0.356675168449898 0.714001137129014 0.241818181818182 0.355079198540955 0.811871139992233 0.36442307874597
0.038275070170962 0.55869329114863 0.744057850193797 0.605454545454546 0.492661965916673 0.842523679456968 0.56158543674862
0.297422811941822 0.541469926548183 0.908340721480626 0.653636363636363 0.762389949871195 0.521156984510827 0.650603138124283
0.378616994131156 0.493454259180957 0.793027308315047 0.5 0.326783442342111 0.385206094182174 0.4890425490589
0.623832610359786 0.405965571129523 0.920836097189186 0.517272727272727 0.58762113397572 0.497180023406974 0.623184717996787
0.425618780301097 0.200996409410483 0.84492145256972 0.457575757575755 0.354589969968421 0.496224027948328 0.480255573695364
0.633784128604236 0.624818105844534 0.813494551721428 0.581818181818182 0.50326108292545 0.463865382385494 0.641524119823742
0.600357233988262 0.425749127089374 0.89225289258705 0.418181818181818 0.584934683531826 0.459604172687496 0.554519423123123
0.986323041592243 0.774411305746994 0.722229250318255 0.79 0.446092935906637 0.579283446163248 0.790181336578743
0.289257463638683 0.573827403578893 0.835452256761697 0.272727272727273 0.745686468917117 0.513948466689773 0.46771652055187
0.0647103853023731 0.365746786664973 0.807320465346704 0.263636363636364 0.470875966991655 0.740436744366681 0.413055794253452
0.0679765246236285 0.253086060795445 0.774870868511223 0.2569696969697 0.414250920287915 0.802195624003268 0.392367262822424
0.555396784894106 0.509618240969247 0.847337920759746 0.509090909090909 0.538465510701785 0.387981844018034 0.593993883787082
0.705128859402909 0.308289924769414 0.899851604263199 0.530649350649354 0.45400116387147 0.441198867338811 0.585565684843365
0.771982648634856 0.352995926808002 0.843406791352969 0.480909090909091 0.305024755660876 0.332978833448895 0.51405230165462
0.16284766522072 0.6007629679443 0.849879925017066 0.662727272727273 0.672073994507814 0.663930468934807 0.664678039795562
0.482470017861699 0.480753289489816 0.776662549653004 0.718181818181818 0.221252329182139 0.808304716555483 0.574945749526784
0.322786425108446 0.384250388529279 0.822285292004286 0.474848484848482 0.398647773872503 0.541409729826163 0.496783786302572
0.353151314110743 0.216289019562453 0.777934770867728 0.281818181818182 0.264329940011756 0.734900406899822 0.394496721357322
0.639959173258484 0.414728145086996 0.890650435042685 0.471818181818182 0.501880839241931 0.510588988357809 0.588399275347999
0.850421025771881 0.659135345183166 0.810116281803696 0.79 0.408213243971277 0.455348110004448 0.719282375828873
0.0343965297269712 0.610272373505703 0.799193257775525 0.590909090909091 0.589261786733515 0.809832932949142 0.63777844634598
0.885736157182955 0.780977827268401 0.931366981942098 0.966909090909091 0.842458598704504 0.26720249476999 0.88113581290589
0.607859147741771 0.547403770450451 0.906300939888633 0.545454545454546 0.74096333143974 0.346625861026671 0.653011483460533
0.201735136514417 0.608460378093946 0.841533246679539 0.562727272727273 0.660254417717751 0.150048663842727 0.636934333883673
0.371676448073488 0.547403770450451 0.811377595144328 0.567272727272727 0.431484604521981 0.230084280980736 0.535341701097232
0.903853023730544 0.614569902750829 0.831805696786942 0.89 0.449111681075441 0.525969909612086 0.711916077713094
0.779892829803521 0.395364953147394 0.833911071131327 0.5 0.359964979767075 0.422425153338741 0.540514801663584
0.326818065833121 0.433674626580814 0.799952998436451 0.536363636363636 0.264329940011756 0.575383692921713 0.460683144671666
0.991477417708599 0.661471422094811 0.856906979907264 0.770637544273909 0.548542709421399 0.577820636135646 0.759875233866545
0.725899464149018 0.397895457406233 0.849441593717979 0.590909090909091 0.349200542697832 0.902196376697538 0.539803715035669
0.715845879050778 0.592576671645786 0.707511505517013 0.672727272727273 0.275771075705962 0.740940316227044 0.632407556396801
0.83118142383261 0.809066391149893 0.681573170347169 0.669393939393936 0.292079143783768 0.882589942048961 0.720656848108233
0.959887726460832 0.766754361793204 0.90676696698016 0.816216216216218 0.828191436511092 0.466709031003134 0.859657236989615
0.231538657820873 0.478327545537202 0.821208548551007 0.359090909090909 0.420114823883903 0.153324493175402 0.480063019832476
0.00949221740239857 0.365746786664973 0.847877561319356 0.363636363636364 0.640912204493122 0.603243595354167 0.505927807941044
