0.554093726447681 0.179582525633976 0.738118660401771 0.322943464587202 0.755641365134274 0.450248464679529 0.503872510592769
0.000251188643150958 0.54428056482362 1.99526231496888e-06 0.798162614672635 0.923341663332614 0.623043223490324 0.00766829755282934
0.425691431017635 0.325730560480608 0.49905906983655 0.502904548376697 0.367062648943639 0.623043223490324 0.43875142156225
0.565588788709332 0.1639076193362 0.554678468973188 0.431941811948093 0.509988184131663 0.450248464679529 0.479911626577305
0.462789200576815 0.356779923253063 0.425318084563378 0.569217994509309 0.477615097196911 0.450248464679529 0.479037079318298
0.478983705613765 0.289218699131621 0.49905906983655 0.542267100765552 0.501434551372371 0.556474063459738 0.490583050951051
0.340623489339577 0.452109757210642 0.397143695417725 0.613880374307184 0.601869521054554 0.406846652259058 0.468659300636261
0.406918618901491 0.353396176228096 0.637568466857021 0.362931899740694 0.818594269154796 0.450248464679529 0.487938320201826
0.654085926626034 0.293865694192787 0.711684186152425 0.616388400883835 0.626305731661055 0.636744580077861 0.620624058456071
0.743230975810572 0.266112176525996 0.793562116158866 0.622201149073356 0.494989093321918 0.511579780469724 0.624814168115842
0.481421972118981 0.249321666007173 0.564842682011626 0.260675271108695 0.719591844404687 0.483822726195713 0.437977612948921
0.500640536429868 0.392444152553002 0.574074524581346 0.68263250155658 0.713972904786848 0.342119013093458 0.592372682802063
0.379999547751624 0.264158064485781 0.411869656911389 0.460745720306434 0.814352857620488 0.511579780469724 0.464793723003247
0.406918618901491 0.381134427666633 0.646742116110474 0.378876620010219 0.815412620217105 0.511579780469724 0.496608623984589
0.349739190312459 0.250560842613508 0.378302579637878 0.367624739599522 0.462672062806082 0.406846652259058 0.373714285548119
0.539183794244982 0.309304637807777 0.59159362881107 0.592278131924699 0.241807755319419 0.450248464679529 0.464822094663378
0.340623489339577 0.394911504230866 0.425318084563378 0.53638707640813 0.605760607106509 0.556474063459738 0.454425630151142
0.67330044539188 0.356900890512969 0.327492595710811 0.798162614672635 0.338696758969541 0.450248464679529 0.522588578129425
0.513701983347541 0.479284066998374 0.508350722896249 0.551669071564969 0.510219936370265 0.608373204556172 0.520280567740203
0.637856431402032 0.24146498400496 0.634815021362981 0.4825525159794 0.51068353108184 0.406846652259058 0.535998947734315
0.539183794244982 0.448687946297467 0.626244712165844 0.777492057166448 0.430987659446422 0.849406133548176 0.579822435654457
0.516287733432929 0.666587176456234 0.613990673578409 0.79266712868939 0.315025585963126 0.450248464679529 0.549941215173766
0.516287733432929 0.260404537393504 0.49905906983655 0.4825525159794 0.450547494712866 0.592557900619111 0.472617966466994
0.397773729520406 0.559988730922035 0.49905906983655 0.626320084208181 0.388329958806296 0.450248464679529 0.475629250177387
0.290049376644102 0.381379585965588 0.49905906983655 0.573156942730999 0.288695841841033 0.511579780469724 0.390676877406589
0.30788526641663 0.633854205211664 0.254478564204823 0.902201885266432 0.735494497755929 0.450248464679529 0.49540742774151
0.615854876982508 0.49822065046389 0.600803201738267 0.860183189179972 0.570043660237551 0.406846652259058 0.654474834143946
0.565588788709332 0.495894023556745 0.440927742639706 0.76100187096803 3.98107170553496e-09 0.661762052932877 0.0133637619931208
0.800022609932234 0.717794746732627 0.964117619840299 0.872470854390902 0.218912960573582 0.535437049122168 0.648927310567289
0.579050805815575 0.278094039752991 0.832220494190826 0.330809702538973 0.634183729596181 0.450248464679529 0.518616411130819
0.447912575714131 0.361503707886838 0.508350722896249 0.605445255998303 0.516256035606182 0.342119013093458 0.506401728508653
0.397773729520406 0.331561162318811 0.626244712165844 0.44715146387134 0.422179320288336 0.556474063459738 0.446419315898903
0.376824047048504 0.521997114527302 0.527834336318392 0.626320084208181 0.44385153238805 0.483822726195713 0.48393959799207
0.52322655751158 0.345806449274397 0.629306241205779 0.373866646469729 0.734979960980956 0.592557900619111 0.516302780370553
0.413538671619737 0.342323888264247 0.558067620522232 0.518016137490894 0.485822773242269 0.483822726195713 0.474634227038987
0.370418861997369 0.420752856106977 0.589136472583641 0.617916072511516 0.261885252613199 0.511579780469724 0.434952651688489
0.551627433249539 0.612082781681164 0.574074524581346 0.821656032942717 0.305375308894607 0.483822726195713 0.553519493493741
0.603783909188092 0.417380036612717 0.583298559728777 0.661850279031562 0.138132833625246 0.623043223490324 0.448578362103985
0.658485628232476 0.54559713061676 0.461799356634824 1.00000049999988 0.424816362293884 0.623043223490324 0.628719567734319
0.343679949370593 0.370378856319694 0.39996575376906 0.499827408205438 1.00000140000028 0.764987967474263 0.487201334981931
0.416822320280401 0.587189221818332 0.126236590481176 0.927220138774993 0.402985378058466 0.483822726195713 0.424757156693525
0.109128512839311 0.491892171413575 0.0230122874394485 0.746216686399719 0.772287720566645 0.342119013093458 0.225496805426529
0.258564134657704 0.355570702056319 0.107168971574857 0.542267100765552 0.636651365627193 0.813686343790921 0.330434920136311
0.731950884305018 0.415758025888988 0.955135893870515 0.67378615567152 0.40471970951618 0.483822726195713 0.646201643251681
0.46000689589893 0.370256988796575 0.402786764513827 0.574799524116602 0.136221927970161 0.556474063459738 0.369682663089627
0.84487741859547 0.250560842613508 0.78357960037914 0.681375769691939 0.431871346497848 0.450248464679529 0.643584080612604
0.539183794244982 0.404563566058732 0.600803201738267 0.620684024270223 0.365797542079903 0.636744580077861 0.520513725085986
0.578367292749957 0.446156629982954 0.49905906983655 0.784679463773299 0.17583298391611 0.450248464679529 0.475657130974994
0.359685498760175 0.349536958356562 0.458687396505996 0.464082067704946 0.865122729617734 0.483822726195713 0.479971761188258
0.530865118474821 0.38997989951103 0.472061041003842 0.638114663683671 0.473980096289766 0.483822726195713 0.52590045941428
0.349739190312459 0.448687946297467 0.378302579637878 0.612342634507513 0.55574188297412 0.406846652259058 0.460266733338584
0.837980654474516 0.00795343535628272 0.757229701257779 0.29723810253589 0.817003002176073 0.483822726195713 0.480679120051906
0.0829704982456894 0.502491777822578 0.0230122874394485 0.759536304044314 0.801666492992817 0.0316227766016838 0.210972343214122
0.148266591651513 0.267579647390757 0.14713658998226 0.502904548376697 0.622377302502675 0.450248464679529 0.285407181751646
0.500640536429868 0.446156629982954 0.675137403185905 0.612342634507513 0.617476713140616 0.450248464679529 0.578645887078874
0.400837467912424 0.287943379052153 0.330976640417781 0.498281712087715 0.484908837948759 0.342119013093458 0.419944422533295
0.442212618025083 0.443501835889555 0.59159362881107 0.570458880390289 0.517186464538714 0.450248464679529 0.515643039696177
0.508504260750827 0.717683456680226 0.583298559728777 0.678602767217639 0.374679413493809 0.661762052932877 0.540366792306569
0.631106529651708 0.312481940704816 0.702556950013941 0.627072287574968 0.272287324411245 0.556474063459738 0.52239432821576
0.330300201976383 0.374038604340516 0.481379660413866 0.437266565250428 0.663974932297434 0.406846652259058 0.442037594176691
0.629072161715018 0.29876090470262 0.527834336318392 0.656780359395374 0.370442358813289 0.450248464679529 0.533167204191585
0.631106529651708 0.51417716658171 0.472061041003842 0.924720966331472 0.634183729596181 0.483822726195713 0.659232871456427
0.65187866328508 0.214919803830367 0.738118660401771 0.373866646469729 0.537776313278993 0.450248464679529 0.518672508914631
0.319757156683282 0.398494644381519 0.49905906983655 0.419254475423806 0.759793230589074 0.511579780469724 0.449091894203082
0.46000689589893 0.18487016245877 0.425318084563378 0.350436530668828 0.535895040690694 0.483822726195713 0.41350838075905
0.601280433286681 0.313778255901359 0.490688794573408 0.702434491402012 0.485822773242269 0.575364115859034 0.560193394022918
0.473808866256352 0.309304637807777 0.683369316980474 0.319742787455558 0.70633103859375 0.511579780469724 0.480769621754337
0.539183794244982 0.532905832994008 0.748132411440653 0.592567484838508 0.644070670015554 0.661762052932877 0.60760347281751
0.52322655751158 0.148324200234647 0.564842682011626 0.189009986495617 0.758754654971448 0.450248464679529 0.40385664799391
0.637856431402032 0.565023525304438 0.594664319191369 0.846017140765149 0.339521696895785 0.886079297082096 0.595941650339296
0.406918618901491 0.45350531688582 0.358466040289591 0.727489409727563 0.0345060308459725 0.483822726195713 0.285858270661151
0.497736481612409 0.340165852705492 0.444046153596812 0.413697951392059 0.657985495698957 0.608373204556172 0.480460608842554
0.263041003130062 0.382237888172428 0.613990673578409 0.381356926139141 0.262268444886124 0.608373204556172 0.345441908079595
0.376824047048504 0.392444152553002 0.58952043874386 0.518946001112999 0.313814617956742 0.483822726195713 0.430512856691501
0.395002852807771 0.389856768408149 0.446851738072165 0.556772485215574 0.59798560917249 0.483822726195713 0.482080413469466
0.389421824916731 0.324424500735154 0.583298559728777 0.280320515567257 0.561926569296392 0.483822726195713 0.407545447632881
0.389421824916731 0.398494644381519 0.472061041003842 0.460745720306434 0.669979845532906 0.450248464679529 0.471357023340136
0.590252258694187 0.392444152553002 0.610925161575807 0.6354226457185 0.376378084742346 0.575364115859034 0.54176081310656
0.397773729520406 0.30801204643942 0.534011635388541 0.413697951392059 0.783791986032112 0.0316227766016838 0.479144604882527
0.539183794244982 0.459732319845783 0.367919026843226 0.777492057166448 0.253875360915406 0.483822726195713 0.474771413571834
0.528327116597379 0.480310840361424 0.600803201738267 0.776278485488932 0.122136551385957 0.832121077017972 0.445390606615114
0.716085593877977 0.547019735665345 0.919164042300769 0.789742272344451 0.501434551372371 0.511579780469724 0.705753940875557
0.568014473626591 0.394294376452073 0.518561233364218 0.630004101621131 0.348633706468989 0.535437049122168 0.511269020891099
0.603609472790747 0.342563838350157 0.610925161575807 0.596460010616588 0.405587672760022 0.450248464679529 0.540100754648543
0.46000689589893 0.538757951217388 0.153737826747821 0.875882858727023 0.679519131313949 0.592557900619111 0.492880997437848
0.286623552444463 0.506380933351269 0.235175839027437 0.69593749261209 0.453233885105868 0.406846652259058 0.399266838006929
0.491894195153357 0.23800176842577 0.508350722896249 0.448873261661445 0.167682545918529 0.535437049122168 0.373875611875711
0.233163000119438 0.385060736372194 0.446851738072165 0.270042136852974 0.796397339041787 0.661762052932877 0.358428941874851
0.450744484135334 0.476590880601402 0.554678468973188 0.561371693503926 0.495448692447114 0.0316227766016838 0.507899732205155
0.573326836226516 0.343403928311716 0.613990673578409 0.664693174105168 0.769679903381392 0.556474063459738 0.624169494777974
0.397773729520406 0.240458504138078 0.390868662275822 0.360562575971603 0.447865673012858 0.450248464679529 0.384850976584537
0.296821445118089 0.429773450012165 0.548513576845651 0.531249168688007 0.454578789926286 0.406846652259058 0.43190229775954
0.359685498760175 0.547968550393619 0.452460132989603 0.634477741005325 0.434968319003574 0.832121077017972 0.465442086346769
0.330300201976383 0.557077977450111 0.481379660413866 0.601183316498813 0.399090925988502 0.450248464679529 0.444890313843896
0.58314064902367 0.313778255901359 0.732913894568419 0.451565679854535 0.614541679029212 0.511579780469724 0.553561736805581
0.370418861997369 0.656117820038418 0.30241202183236 0.938521046884248 0.481713940676778 0.406846652259058 0.501568653415553
0.539183794244982 0.278817607011477 0.472061041003842 0.595165330704367 0.593140838377034 0.948161730022005 0.532597276387319
0.397773729520406 0.395775807215407 0.652792969012064 0.391733999997782 0.707857531334894 0.342119013093458 0.485684102471837
0.468320642078626 0.571927800874685 0.656825229907692 0.67378615567152 0.382340678201183 0.450248464679529 0.533465119789138
0.516287733432929 0.331561162318811 0.461799356634824 0.662238665174112 0.580116413448287 0.982418720771548 0.5420236704847
0.476537136187645 0.3873957815637 0.530923458704546 0.667267113694531 0.382340678201183 0.535437049122168 0.504325909807226
0.319757156683282 0.448687946297467 0.310995745561189 0.760776582897517 0.381060726883608 0.406846652259058 0.426067908936986
0.516287733432929 0.209359933146402 0.508350722896249 0.462416902992307 0.546265291722681 0.450248464679529 0.481545834011923
0.46000689589893 0.325730560480608 0.367919026843226 0.498281712087715 0.622377302502675 0.740926819699252 0.471516824932696
0.903038063062769 0.0679090595121798 0.865065976435836 0.486091880197845 0.438515445233006 0.535437049122168 0.569578894127428
0.575970743063088 0.364017716964467 0.768366054443237 0.552949340775715 0.629748893356927 0.450248464679529 0.595710366240148
0.478712276395069 0.519257448669408 0.545429765240083 0.650090807450114 0.407325191838849 0.483822726195713 0.518247322759549
0.675676545564417 0.119501574456707 0.735841813832539 0.306606140465106 0.755641365134274 0.623043223490324 0.514830389900569
0.554093726447681 0.477744731651491 0.48448374906775 0.806813807511852 0.100836876271373 0.406846652259058 0.422563771797889
0.633361823388397 0.232659229676661 0.738118660401771 0.392215054707293 0.535895040690694 0.450248464679529 0.522983878226384
0.397773729520406 0.38248318822731 0.580224740324143 0.601183316498813 0.905817070548597 0.0316227766016838 0.561337563616779
0.649666406116076 0.800676568837819 0.78357960037914 0.864357986086727 0.474888102453041 0.483822726195713 0.689893648061423
0.624990205982168 0.537313416750891 0.490688794573408 0.949416698474415 0.666975458075083 0.342119013093458 0.675098519905756
0.59237461894589 0.491892171413575 0.729009043912078 0.583824518275105 0.374679413493809 0.684226319856064 0.552856975035702
0.590252258694187 0.617207632563124 0.49905906983655 0.970841228593413 0.5757933477952 0.406846652259058 0.655299795797319
0.340623489339577 0.651543666896526 0.604178178289782 0.634207509652477 0.446080335819058 0.535437049122168 0.489175073416254
0.453845947009394 0.370378856319694 0.554678468973188 0.448873261661445 0.815942649155638 0.483822726195713 0.521993451392541
0.483852033496183 0.305128618606015 0.387729161558503 0.480874923328419 0.109694300026405 0.511579780469724 0.336184132353771
0.568014473626591 0.54559713061676 0.437808170471241 0.911558417817323 0.46132035258255 0.406846652259058 0.591147257428448
0.473535463345819 0.273187069405346 0.524744262110839 0.469772458542906 0.915662850465786 0.575364115859034 0.533659502953483
0.494821086692797 0.51417716658171 0.320518627278387 0.843277346008733 0.682035864112463 0.342119013093458 0.566942518075496
0.675201771593545 0.49822065046389 0.81984823343023 0.754100306592137 0.302976187936554 0.779848999939171 0.603474525281241
0.573326836226516 0.575785528190677 0.610925161575807 0.731952712520822 0.403852277785987 0.854940006104253 0.578124571353205
0.645226750671261 0.484422319998133 0.545429765240083 0.847333141641458 0.766553852208218 0.483822726195713 0.688260850275062
0.425691431017635 0.243480460888648 0.444046153596812 0.411204284749382 0.631226183949703 0.556474063459738 0.446430469664067
0.516287733432929 0.366361472264548 0.583298559728777 0.568803764309113 0.427898832125606 0.608373204556172 0.512398741158437
0.726742941604358 0.143811725879024 0.828902063276084 0.371797654578697 0.654001165811367 0.556474063459738 0.55568973233009
0.590252258694187 0.206211509399003 0.481379660413866 0.573156942730999 0.601869521054554 0.535437049122168 0.536059835828103
0.85044195238558 0.289473898327936 0.902051595399003 0.710924442763077 0.503742265429749 0.886079297082096 0.695314908670277
0.716085593877977 0.388748938641111 0.856936151600288 0.679990681994509 0.55716738177107 0.535437049122168 0.670914742548023
0.442212618025083 0.485579934804555 0.397143695417725 0.716927141771434 0.216732154183288 0.592557900619111 0.431493007099968
0.340623489339577 0.381379585965588 0.574074524581346 0.476655111066981 0.350714207086132 0.483822726195713 0.41495066322821
0.678047088173974 0.452109757210642 0.786907845216525 0.73801664966908 0.600412212308339 0.575364115859034 0.680690583316834
0.52322655751158 0.46776330198683 0.620119285987636 0.626320084208181 0.356976866723208 0.450248464679529 0.521628681921577
0.500640536429868 0.569004714841864 0.588829290172533 0.826751583304147 0.409064831134511 0.406846652259058 0.571977733279951
0.539183794244982 0.191255441227112 0.564842682011626 0.376379969268354 0.896546265298676 0.406846652259058 0.516256749905367
0.590252258694187 0.312717554522601 0.472061041003842 0.670981787924799 0.485822773242269 0.608373204556172 0.546307618625124
0.468320642078626 0.352189260601501 0.49905906983655 0.573493308024445 0.565742233333694 0.636744580077861 0.512427902399962
0.434439020792135 0.581381753003075 0.367919026843226 0.903056485038785 0.537776313278993 0.483822726195713 0.546957558261642
0.491894195153357 0.380031605739553 0.679254016422906 0.574501222272892 0.600897869729503 0.483822726195713 0.558394219890162
0.666573863536315 0.226788564567192 0.738118660401771 0.41095408585057 0.599441234143175 0.608373204556172 0.549234350752646
0.434439020792135 0.337771243221784 0.545429765240083 0.381356926139141 0.676000175802733 0.535437049122168 0.470717284822753
0.536420463801542 0.309304637807777 0.554678468973188 0.656780359395374 0.755641365134274 0.772525683232774 0.593673837993761
0.516287733432929 0.430526889356941 0.340468839593092 0.724892831677836 0.123989084527294 0.535437049122168 0.391278370073832
0.434439020792135 0.337771243221784 0.656825229907692 0.250275048151915 0.58734200657523 0.483822726195713 0.421188585069137
0.296821445118089 0.399855457073427 0.244837216302213 0.565933526345457 0.55716738177107 0.890961453576841 0.395067854182438
0.462789200576815 0.164736328313985 0.490688794573408 0.244032893157542 0.374679413493809 0.535437049122168 0.355717231429261
0.319757156683282 0.283661966821923 0.418440335177557 0.33313335570943 0.609171176904945 0.406846652259058 0.383767785691628
0.508504260750827 0.391211637971625 0.48448374906775 0.561371693503926 0.652011595958584 0.535437049122168 0.537097663480736
0.465560398083116 0.270666574895358 0.465221238730087 0.478628986617194 0.975369889948382 0.511579780469724 0.528851818831554
0.296821445118089 0.347129261652337 0.272744890673633 0.573156942730999 0.490399814220792 0.483822726195713 0.390956571151823
0.46000689589893 0.506380933351269 0.254478564204823 0.916341165532792 0.775420425172606 0.0316227766016838 0.558764462409169
0.476537136187645 0.457442876523002 0.583298559728777 0.620684024270223 0.505128346016608 0.483822726195713 0.536402994735476
0.500376995999622 0.473772708408521 0.637568466857021 0.617638595083267 0.672988087239815 0.406846652259058 0.585938059367061
0.508504260750827 0.370378856319694 0.583298559728777 0.573156942730999 0.432313383899303 0.608373204556172 0.512554230776586
0.236653975430864 0.267579647390757 0.283290485213418 0.556772485215574 0.743224876089141 0.450248464679529 0.391886476741697
0.51110752694441 0.525915914526748 0.444046153596812 0.879106147165173 0.570043660237551 0.406846652259058 0.592506825358563
0.530865118474821 0.392444152553002 0.461799356634824 0.622201149073356 0.524647090839251 0.511579780469724 0.531128548024341
0.249451339637163 0.370378856319694 0.235175839027437 0.617638595083267 0.586377118619004 0.342119013093458 0.38427715684119
0.573086078078976 0.413265095184386 0.537098872413247 0.668678557262124 0.46132035258255 0.870927083748245 0.556120618637848
0.738477121042631 0.416880821874766 0.774498776187672 0.740335707976457 0.378504507560209 0.511579780469724 0.632059912143294
0.359685498760175 0.392444152553002 0.554986618600864 0.590974290611621 0.205207438627142 0.483822726195713 0.399805646817209
0.450744484135334 0.457442876523002 0.521653229884868 0.686264009612862 0.459969773022825 0.592557900619111 0.521941353484187
0.196568055273255 0.383587427715688 0.425318084563378 0.394611531842356 0.873218760146999 0.450248464679529 0.382155378459815
0.416822320280401 0.31637409959543 0.434687427942746 0.531410480229275 0.186174645594491 0.406846652259058 0.37625978979793
0.43153630259745 0.278817607011477 0.340468839593092 0.505708812127943 0.480346547815897 0.483822726195713 0.431466793928784
0.500640536429868 0.542964635653813 0.64093293969315 0.805857150244055 0.438959414347336 0.511579780469724 0.583387606324314
0.563851902283532 0.300262663489488 0.472061041003842 0.46199967405283 0.315025585963126 0.450248464679529 0.444851526436218
0.296821445118089 0.331561162318811 0.494874863626072 0.444989848088589 0.48262615260929 0.450248464679529 0.403164710604137
0.568014473626591 0.511315782736807 0.378302579637878 0.719314195553501 0.267264470858641 0.535437049122168 0.481822376979901
0.30422717284852 0.558797601479607 0.620119285987636 0.523798512283995 0.654001165811367 0.450248464679529 0.483214385548415
0.332900998327953 0.544609646624542 0.508350722896249 0.623577150452385 0.446972749732025 0.483822726195713 0.464746195875219
0.603609472790747 0.45096857601759 0.554678468973188 0.651539461471879 0.46132035258255 0.575364115859034 0.56643927016191
0.428620508839911 0.426010220054526 0.437808170471241 0.722761420271799 0.51998062081434 0.909728801761517 0.516356214233242
0.539183794244982 0.429396829352279 0.505254506426085 0.760776582897517 0.435411259443646 0.511579780469724 0.554586318911549
0.406918618901491 0.633854205211664 0.434687427942746 0.776278485488932 0.386187877649305 0.406846652259058 0.498332782539715
0.359685498760175 0.537313416750891 0.349947128787474 0.827891171845575 0.362009722130724 0.450248464679529 0.460605173073214
0.633361823388397 0.383587427715688 0.665984629281895 0.638114663683671 0.359490777996941 0.623043223490324 0.556415525258367
0.456933344006245 0.330607815862384 0.5679208389721 0.415352078497843 0.523712844250665 0.575364115859034 0.467429526103506
0.340623489339577 0.364720527590275 0.620119285987636 0.289347834659656 0.563356578630129 0.450248464679529 0.402372901777672
0.834236877805101 0.652986418341164 0.973992436068128 0.832722170990906 0.205564852769797 0.608373204556172 0.638330389197629
0.330300201976383 0.3873957815637 0.374213902808061 0.561371693503926 0.293434045674204 0.535437049122168 0.384894150856615
0.692792881804759 0.527092696242088 0.554678468973188 0.9429853124357 0.748391268809992 0.575364115859034 0.725649071907383
0.416822320280401 0.605487074188425 0.349947128787474 0.913249306530382 0.540601750428287 0.406846652259058 0.538967115263502
0.442212618025083 0.553509843040584 0.444046153596812 0.706934740655896 0.334580686391649 0.450248464679529 0.481812031395944
0.590252258694187 0.527092696242088 0.545429765240083 0.875882858727023 0.762911391126497 0.406846652259058 0.679115031442326
0.546672649731169 0.367699626302112 0.702556950013941 0.471775131529177 0.525581812991744 0.450248464679529 0.533248649108296
0.635611775967747 0.50988628975291 0.59159362881107 0.850362293906733 0.324761079957647 0.535437049122168 0.587109555075724
0.286623552444463 0.370256988796575 0.428442394498616 0.429952946554493 0.457272011586078 0.511579780469724 0.383366176341839
0.263041003130062 0.395775807215407 0.49905906983655 0.330809702538973 0.796397339041787 0.483822726195713 0.401018106575954
0.601280433286681 0.683076041941721 0.766321242243529 0.820089841105225 0.528857080362031 0.450248464679529 0.670946916420443
0.413538671619737 0.188909142043001 0.405606735758669 0.309111790074739 0.609171176904945 0.450248464679529 0.39444089092591
0.686087323418048 0.278975937456708 0.769047594830852 0.475394741289383 0.655992466476026 0.807253551009281 0.597953250388885
0.637856431402032 0.573390466091956 0.610925161575807 0.96792347598609 0.601869521054554 0.450248464679529 0.697815568665412
0.210961895434677 0.429773450012165 0.387729161558503 0.523447757157061 0.496828220697526 0.342119013093458 0.372568367857153
0.30788526641663 0.303203777631816 0.272744890673633 0.533181686127191 0.606247496309796 0.450248464679529 0.401358341042543
0.804969524207226 0.694073652093707 0.988346419536164 0.884645983506871 0.234722670628755 0.535437049122168 0.663548251716862
0.486542594891927 0.438453876908034 0.394006836337521 0.79622736242637 0.307779827208004 0.450248464679529 0.486764165965601
0.434439020792135 0.250560842613508 0.414999234047739 0.437854207337717 0.386616022988767 0.714262915828272 0.409686253905441
0.575970743063088 0.497315592320779 0.545429765240083 0.615135665810258 0.446526479077299 0.575364115859034 0.547562996430092
0.491894195153357 0.145184768665155 0.452460132989603 0.240851156423503 0.693140987531781 0.483822726195713 0.399785708880228
0.585517581023832 0.301097623967929 0.537098872413247 0.663531643789278 0.339521696895785 0.661762052932877 0.516287101650281
0.450744484135334 0.327870009010644 0.390868662275822 0.540842708354634 0.628764582609739 0.793905951708126 0.485782941248485
0.379999547751624 0.490473720395031 0.472061041003842 0.610801023338764 0.564310494848407 0.450248464679529 0.494033321513267
0.611253193756664 0.49822065046389 0.600803201738267 0.862173708868495 0.570043660237551 0.342119013093458 0.653457644214976
0.575970743063088 0.112929222792266 0.643684998747486 0.174386862334638 0.751496007309632 0.556474063459738 0.40904286708941
0.465560398083116 0.38248318822731 0.414999234047739 0.636904663678814 0.138132833625246 0.592557900619111 0.385390001771895
0.65187866328508 0.264158064485781 0.656825229907692 0.561371693503926 0.783791986032112 0.450248464679529 0.619653651943077
0.52322655751158 0.448687946297467 0.692509773452706 0.643864389788726 0.613564222719498 0.450248464679529 0.596428203492992
0.434439020792135 0.409780041359224 0.461799356634824 0.620684024270223 0.683547179027318 0.511579780469724 0.529141388492719
0.406918618901491 0.407294338607936 0.4594654904272 0.60225162891444 0.640110651092088 0.450248464679529 0.507448472064586
0.46000689589893 0.499643549147852 0.620119285987636 0.681375769691939 0.34614178101312 0.483822726195713 0.512768476411829
0.476537136187645 0.508717300370578 0.637568466857021 0.659385187734562 0.515791000689795 0.450248464679529 0.559604003748707
0.462789200576815 0.29876090470262 0.610925161575807 0.296263311223349 0.550997766328945 0.592557900619111 0.435176748851784
0.340623489339577 0.500937797113077 0.452460132989603 0.630004101621131 0.609658847542015 0.535437049122168 0.487003433292344
0.224728506003577 0.377338514084955 0.0869011642867191 0.645194191771845 0.628272592241069 0.342119013093458 0.320677833443711
0.179874263365609 0.343403928311716 0.206061975157944 0.586461094126253 0.588790187981463 0.450248464679529 0.335224567067001
0.359685498760175 0.447421930113063 0.539876587260842 0.674930038572078 0.0635401216923193 0.556474063459738 0.328258701056217
0.568014473626591 0.529223446567851 0.757229701257779 0.634477741005325 0.439847737519649 0.450248464679529 0.583265622523229
0.611253193756664 0.533771035042537 0.777526337037936 0.685139049753859 0.318261337415229 0.511579780469724 0.573253359940055
0.483852033496183 0.364173873670707 0.620119285987636 0.32558666124044 0.76031267057741 0.764987967474263 0.489159708986291
0.224728506003577 0.438453876908034 0.349315667126275 0.595165330704367 0.265339735750721 0.535437049122168 0.340555972321248
0.559516235310497 0.418503706372582 0.583298559728777 0.559842822236165 0.75719755288886 0.608373204556172 0.589980608131524
0.601280433286681 0.37623790024069 0.472061041003842 0.799128483320022 0.677005058908206 0.406846652259058 0.622217199688346
0.58314064902367 0.542964635653813 0.378302579637878 0.849353776844614 0.141334505432473 0.406846652259058 0.448570338966786
0.370418861997369 0.588993883323028 0.583298559728777 0.605445255998303 0.372982939748457 0.406846652259058 0.471929000088284
0.363286752348481 0.590465166506364 0.583298559728777 0.605445255998303 0.373830901666389 0.406846652259058 0.469531556804238
0.456933344006245 0.270666574895358 0.349947128787474 0.521643501396146 0.482169985007207 0.450248464679529 0.444311653973435
0.877909235184457 0.468748594992486 0.902051595399003 0.869991739192474 0.477615097196911 0.575364115859034 0.753053512489111
0.834236877805101 0.0116009410721451 0.766321242243529 0.314063123508337 0.816472776484401 0.511579780469724 0.498241881123589
0.266064493885996 0.558069938876925 0.472061041003842 0.520162637216986 0.758235519401615 0.511579780469724 0.45507247728503
0.611253193756664 0.581381753003075 0.583298559728777 0.853280252676018 0.328433633553592 0.556474063459738 0.584902628025112
0.654085926626034 0.497057064748015 0.394006836337521 0.834079701448559 0.17378503087213 0.0316227766016838 0.482389281978756
0.389421824916731 0.259382716903714 0.414999234047739 0.457010102147061 0.818594269154796 0.483822726195713 0.467750433901771
0.528327116597379 0.323119491726027 0.482529445355212 0.691471260868599 0.455027344453232 0.623043223490324 0.529294480696053
0.491894195153357 0.652771914909044 0.490688794573408 0.869991739192474 0.364533684086051 0.483822726195713 0.549838026626634
0.179874263365609 0.388748938641111 0.414999234047739 0.381356926139141 0.873218760146999 0.342119013093458 0.367533188885222
0.563156148374511 0.440724028098253 0.644907937193414 0.753929800116455 0.441625922084382 0.694675498736383 0.587657381098734
0.286623552444463 0.404811666202319 0.425318084563378 0.443687823652711 0.46132035258255 0.511579780469724 0.38871877976395
0.58314064902367 0.54559713061676 0.378302579637878 0.850362293906733 0.142943175883498 0.450248464679529 0.449855070368803
0.453845947009394 0.312481940704816 0.48448374906775 0.346006091337423 0.333348672509893 0.406846652259058 0.3926027814366
0.249451339637163 0.392444152553002 0.26313934578936 0.565478999118774 0.216732154183288 0.450248464679529 0.314175619419148
0.539183794244982 0.330250452558364 0.702556950013941 0.437266565250428 0.484908837948759 0.483822726195713 0.508840261578087
0.319757156683282 0.25360765217558 0.358466040289591 0.373866646469729 0.477615097196911 0.406846652259058 0.364809876439811
0.437040455413778 0.438453876908034 0.349947128787474 0.754100306592137 0.32884242270653 0.450248464679529 0.461112468728211
0.397773729520406 0.297477263647096 0.337306340015009 0.492572663501835 0.648037657742722 0.948161730022005 0.445027700549799
0.447912575714131 0.164839975671346 0.545429765240083 0.337732704177177 0.75719755288886 0.450248464679529 0.4523544733725
0.575970743063088 0.576983807369895 0.676967171692017 0.711526991509844 0.218185332131645 0.575364115859034 0.516920846047325
0.196568055273255 0.40096953877043 0.0756499793134516 0.666110071704316 0.622377302502675 0.0316227766016838 0.303908546086273
0.590252258694187 0.473772708408521 0.490688794573408 0.709355420690112 0.375953211147407 0.556474063459738 0.542329305961958
0.450744484135334 0.220179047901841 0.508350722896249 0.367624739599522 0.435854328663993 0.608373204556172 0.416296697770673
0.437040455413778 0.377338514084955 0.481379660413866 0.448873261661445 0.690107237962865 0.483822726195713 0.487203648386332
0.590252258694187 0.363081058174417 0.729009043912078 0.652984901647034 0.626797281597911 0.450248464679529 0.621580418854281
0.554093726447681 0.221387860279471 0.564842682011626 0.35769867207126 0.853824576689941 0.684226319856064 0.512089866681937
0.290049376644102 0.334185690707764 0.493479715118835 0.439417410908845 0.483082443433136 0.450248464679529 0.399109098077671
0.585517581023832 0.402332035279713 0.30241202183236 0.836132366126766 0.466733963314425 0.535437049122168 0.537770026068356
0.621574951294186 0.433166002692152 0.481379660413866 0.724892831677836 0.245937035861497 0.556474063459738 0.504427885331886
0.450744484135334 0.31637409959543 0.310995745561189 0.460745720306434 0.359490777996941 0.556474063459738 0.398042917041996
0.596604209555808 1.00000125000016 0.646742116110474 0.628953727126286 0.30137978151345 0.592557900619111 0.550170485203058
0.293448434888366 0.273187069405346 0.455574324757171 0.283361578387057 0.483995394546481 0.450248464679529 0.346282679678155
0.530865118474821 0.674821536641481 0.358466040289591 0.970841228593413 0.569086983372912 0.450248464679529 0.600370908851177
0.742739141066499 0.325730560480608 0.865065976435836 0.579403564163027 0.384904255336299 0.483822726195713 0.597726739991708
0.326811079534964 0.37623790024069 0.425318084563378 0.475034021427913 0.474888102453041 0.406846652259058 0.412382686550844
0.624990205982168 0.265297613162149 0.545429765240083 0.630004101621131 0.354468003468838 0.511579780469724 0.521202166264304
0.370418861997369 0.524608996694627 0.461799356634824 0.630004101621131 0.425696418089388 0.483822726195713 0.467138370506346
0.793644026370901 0.274449065618603 0.811695286408406 0.646521258547804 0.480346547815897 0.575364115859034 0.643432282057528
0.508504260750827 0.538396744891811 0.340468839593092 0.905047412985995 0.85221402307128 0.772525683232774 0.617514064581085
0.503270874407871 0.247184170600507 0.711684186152425 0.330809702538973 0.749425773554928 0.342119013093458 0.497519326506941
0.656288235372477 0.407294338607936 0.397143695417725 0.699989878066087 0.0893659995987134 0.575364115859034 0.398828719931497
0.389421824916731 0.361746287735713 0.318139320080022 0.597644336715143 0.577233342945658 0.342119013093458 0.45571964226323
0.637856431402032 0.576470198143751 0.828902063276084 0.786479674723663 0.558118293702045 0.535437049122168 0.685556329333452
0.450744484135334 0.47543758798786 0.480758716462002 0.80052156954632 0.316237885433326 0.608373204556172 0.49875655726366
0.539183794244982 0.37623790024069 0.692509773452706 0.468164152051723 0.526984787109703 0.483822726195713 0.529550934181653
0.620433750765162 0.157513705328237 0.694519819081838 0.393044580612848 0.681532304923742 0.511579780469724 0.528960525052128
0.52322655751158 0.636297695474969 0.5679208389721 0.818520652455895 0.305375308894607 0.483822726195713 0.54453656597664
0.416822320280401 0.620178550615152 0.434687427942746 0.766277073329206 0.390046058682554 0.483822726195713 0.500479438138382
0.442212618025083 0.165980955887438 0.425318084563378 0.306606140465106 0.584448703299126 0.406846652259058 0.398645282315519
0.530865118474821 0.354603916788917 0.702556950013941 0.565478999118774 0.601869521054554 0.406846652259058 0.570005647043972
0.568014473626591 0.367943031817203 0.580224740324143 0.590684157255204 0.752531735837093 0.575364115859034 0.596003631908133
0.637856431402032 0.032018322968202 0.720805265456753 0.001 0.764992190517466 0.786971628851558 0.097414537993691
0.109128512839311 0.398494644381519 0.405606735758669 0.413697951392059 0.899270143210253 0.406846652259058 0.32581447499084
0.565588788709332 0.419378089183738 0.5679208389721 0.777492057166448 0.697191894531522 0.511579780469724 0.634249460035069
0.678047088173974 0.407294338607936 0.847898247569524 0.587774946995925 0.384904255336299 0.450248464679529 0.589185523702113
0.263041003130062 0.370378856319694 0.244837216302213 0.615135665810258 0.583485176576081 0.450248464679529 0.392260140547095
0.468320642078626 0.252817031785972 0.490688794573408 0.464082067704946 0.170387064917637 0.535437049122168 0.371991979247689
0.476537136187645 0.511315782736807 0.320518627278387 0.851369616298607 0.674995719308131 0.450248464679529 0.560876725820082
0.664394331299395 0.524608996694627 0.527834336318392 0.984691289255141 0.595077395295292 0.511579780469724 0.686467963478683
0.647449115349861 0.258361700860008 0.656825229907692 0.561371693503926 0.783791986032112 0.450248464679529 0.617692270428041
0.349739190312459 0.305430118379661 0.330976640417781 0.523447757157061 0.581559486609696 0.0316227766016838 0.425609966002455
0.508504260750827 0.399855457073427 0.452460132989603 0.69593749261209 0.145851842929184 0.649614533699218 0.417023541667514
0.373630605088689 0.364173873670707 0.49905906983655 0.540129103533799 0.487194597610907 0.450248464679529 0.458676106270481
0.55851471676482 0.44211249566692 0.678186872725105 0.814321366454531 0.58734200657523 0.556474063459738 0.639975261871498
0.333764923717123 0.459732319845783 0.358466040289591 0.539414554668369 0.527452682538574 0.608373204556172 0.430267397992536
0.870003332061601 0.0641112473244002 0.856936151600288 0.460745720306434 0.430546009909918 0.511579780469724 0.550502259555699
0.500640536429868 0.388748938641111 0.711684186152425 0.472999846483694 0.604787164099658 0.813686343790921 0.537796917783278
0.442212618025083 0.576983807369895 0.378302579637878 0.889573436367799 0.640110651092088 0.450248464679529 0.569639263159122
0.46000689589893 0.474028767682663 0.414999234047739 0.601183316498813 0.0979322250017774 0.592557900619111 0.356759106029433
0.468320642078626 0.381379585965588 0.49905906983655 0.579403564163027 0.581559486609696 0.450248464679529 0.518923428512512
0.596604209555808 0.599845019475256 0.5679208389721 0.918209952552369 0.509293107954813 0.450248464679529 0.645285200900441
0.615854876982508 0.368916975832792 0.354207932500402 0.861228785653874 0.295811392782831 0.556474063459738 0.513971863472444
0.752821829772944 0.0830644686687105 0.744795282886917 0.280320515567257 0.558593923360419 0.592557900619111 0.479539940621543
0.622714756713185 0.264158064485781 0.545429765240083 0.622201149073356 0.350714207086132 0.483822726195713 0.51763461312691
0.434439020792135 0.595218396985525 0.405606735758669 0.904763262934127 0.141334505432473 0.342119013093458 0.426121656064234
0.340623489339577 0.501067258728484 0.440927742639706 0.595165330704367 0.649030491400972 0.511579780469724 0.483284748121135
0.575970743063088 0.374038604340516 0.444046153596812 0.79622736242637 0.683547179027318 0.483822726195713 0.608164627266011
0.319757156683282 0.448687946297467 0.425318084563378 0.565478999118774 0.736009137396986 0.406846652259058 0.473927435803148
0.811534060561709 0.633854205211664 0.947048539149522 0.844061051989093 0.210227354042703 0.450248464679529 0.634256543208245
0.275000883910958 0.391211637971625 0.283290485213418 0.556772485215574 0.21166796508515 0.483822726195713 0.324536213707455
0.598945363873871 0.12536151221104 0.738118660401771 0.292880864195609 0.749425773554928 0.592557900619111 0.491480714413392
0.392218956824097 0.344965185955634 0.643073483678134 0.256966342524671 0.584448703299126 0.483822726195713 0.410273642881167
0.413538671619737 0.3388483987759 0.646742116110474 0.250275048151915 0.58734200657523 0.483822726195713 0.414090402051215
0.546672649731169 0.547968550393619 0.600803201738267 0.780682430739567 0.429221837939681 0.511579780469724 0.58422011605472
0.578367292749957 0.403199559433189 0.564842682011626 0.626320084208181 0.212750265803428 0.511579780469724 0.472306524356649
0.528327116597379 0.586587914239265 0.594664319191369 0.750568634544641 0.439847737519649 0.450248464679529 0.576036751978673
0.30788526641663 0.443375496216082 0.425318084563378 0.558309764334494 0.61258721111182 0.406846652259058 0.449857576803708
0.570674775977065 0.385060736372194 0.695381173437814 0.286797596624457 0.551945659667233 0.636744580077861 0.475766979420461
0.631106529651708 0.494731527655978 0.564842682011626 0.875882858727023 0.771244291278809 0.450248464679529 0.696035958421303
0.65187866328508 0.131276765501811 0.574074524581346 0.457010102147061 0.774375787746564 0.592557900619111 0.549488193845073
0.770747618416299 0.0900808205071458 0.786907845216525 0.413283385166114 0.788512257844211 0.450248464679529 0.584092506214417
0.800022609932234 0.267579647390757 0.802631396525144 0.655604810152591 0.468542504754353 0.535437049122168 0.64203906279809
0.468320642078626 0.330250452558364 0.367919026843226 0.492572663501835 0.622377302502675 0.72348108326203 0.47283541112832
0.389421824916731 0.315075643081781 0.527834336318392 0.413697951392059 0.782744137106679 0.342119013093458 0.475640620016989
0.722294486559108 0.626805823158701 0.955135893870515 0.779913535467081 0.379782002746911 0.535437049122168 0.676216055556016
0.85062701857832 0.286784976531515 0.757229701257779 0.698641694626831 0.416044513386231 0.450248464679529 0.645155810683656
0.406918618901491 0.232659229676661 0.425318084563378 0.371797654578697 0.38747272013403 0.575364115859034 0.384563739852748
0.673776112223943 0.591642721280307 0.884020008363251 0.760776582897517 0.491316692558943 0.483822726195713 0.681498616965242
0.38315745510929 0.476590880601402 0.537098872413247 0.565478999118774 0.505590614619237 0.535437049122168 0.484516557428605
0.330300201976383 0.64977034824888 0.272744890673633 0.929251531931889 0.644070670015554 0.450248464679529 0.503216258804367
0.590252258694187 0.31036301692876 0.59159362881107 0.583824518275105 0.42174026968058 0.575364115859034 0.531767964301548
0.590252258694187 0.538757951217388 0.607552162873301 0.609255511413525 0.374679413493809 0.575364115859034 0.543573257061622
0.637856431402032 0.380031605739553 0.340468839593092 0.910711796179954 0.437627892226395 0.636744580077861 0.567430830790129
0.539183794244982 0.19008156758498 0.564842682011626 0.381356926139141 0.899270143210253 0.406846652259058 0.518274836447015
0.640319485950045 0.39738194291407 0.461799356634824 0.813162761038925 0.309787702377112 1.00000024999991 0.543597347749454
0.0739028202417912 0.515348652236671 0.013041340514854 0.771071709726052 0.815412620217105 0.450248464679529 0.185985399197936
0.406918618901491 0.440724028098253 0.378302579637878 0.720504756807959 0.494989093321918 0.406846652259058 0.491089427865617
0.645226750671261 0.354603916788917 0.811695286408406 0.547458166752903 0.40471970951618 0.483822726195713 0.566593740891273
0.516287733432929 0.506380933351269 0.530923458704546 0.844191598918062 0.754086092514209 0.406846652259058 0.640495090012171
0.416822320280401 0.31495765456561 0.230982795153939 0.638383241117551 0.656490561817293 0.849406133548176 0.455511670548338
0.690881437454023 0.817347045900525 0.838855270236717 0.908827591122261 0.378504507560209 0.575364115859034 0.689479898655844
0.539183794244982 0.666587176456234 0.620119285987636 0.805857150244055 0.319071749828552 0.511579780469724 0.561928499996644
0.236653975430864 0.257341491168336 0.298274561894183 0.533181686127191 0.733951196152743 0.732359780898134 0.389020384867017
0.528327116597379 0.31495765456561 0.588829290172533 0.545733297885079 0.25844374010429 0.483822726195713 0.457912340281294
0.907324404560236 0.444296135760108 0.902051595399003 0.884645983506871 0.49407026079974 0.535437049122168 0.7668863111326
0.596604209555808 0.440724028098253 0.518561233364218 0.789742272344451 0.198450499519575 0.406846652259058 0.495743078834348
0.852185797115066 0.25360765217558 0.884020008363251 0.678602767217639 0.51346762345812 0.450248464679529 0.682237394116868
0.539183794244982 0.533771035042537 0.6501040671183 0.699989878066087 0.39520730190886 0.535437049122168 0.562417145440382
0.400837467912424 0.433166002692152 0.358466040289591 0.760776582897517 0.313814617956742 0.757220609267249 0.448105512474651
0.416822320280401 0.485708592773467 0.481379660413866 0.628778494119469 0.462221367189808 0.483822726195713 0.492969846649075
0.419792560116033 0.586587914239265 0.444046153596812 0.739293031965471 0.396069391408955 0.511579780469724 0.498542558034286
0.716085593877977 0.0797789278898021 0.774498776187672 0.270042136852974 0.749425773554928 0.623043223490324 0.4986236121398
0.379999547751624 0.408536811882739 0.545429765240083 0.527850238845889 0.567175007808048 0.483822726195713 0.482726460517887
0.263041003130062 0.285858927654386 0.452460132989603 0.29723810253589 0.473072586846827 0.450248464679529 0.338676414637084
0.601280433286681 0.201776665287275 0.610925161575807 0.469407418213461 0.782220362865836 0.673275216339071 0.560409165259818
0.620433750765162 0.655503009631121 0.802631396525144 0.776278485488932 0.602355514880821 0.450248464679529 0.688810291630139
0.578367292749957 0.412144255771782 0.49905906983655 0.762014843037288 0.284764225905072 0.450248464679529 0.517697187258134
0.506545966237973 0.509009497401197 0.461799356634824 0.724892831677836 0.313008046740412 0.483822726195713 0.499340296765583
0.442212618025083 0.404811666202319 0.59159362881107 0.589696636097555 0.312202068917251 0.483822726195713 0.467865033469149
0.539183794244982 0.46776330198683 0.434687427942746 0.804579837809608 0.00186598479848468 0.608373204556172 0.183953551767953
0.224728506003577 0.429773450012165 0.320518627278387 0.565478999118774 0.152703312573643 0.450248464679529 0.295589359796032
0.340623489339577 0.448497998269083 0.620119285987636 0.472755157311639 0.741161184671143 0.406846652259058 0.49212997771373
0.359685498760175 0.553509843040584 0.272744890673633 0.834079701448559 0.788512257844211 0.406846652259058 0.517163186784222
0.416822320280401 0.549155030985648 0.545429765240083 0.66957519951297 0.384476652682169 0.592557900619111 0.497444803484214
0.46000689589893 0.284817839441175 0.434687427942746 0.476655111066981 0.228434716972337 0.450248464679529 0.389440646879537
0.505892079167844 0.191148665743351 0.564842682011626 0.367624739599522 0.815412620217105 0.793905951708126 0.493926197623322
0.491894195153357 0.674821536641481 0.600803201738267 0.782875113272651 0.315025585963126 0.511579780469724 0.538628792041977
0.541687744736127 0.533771035042537 0.656825229907692 0.699989878066087 0.395638279570369 0.511579780469724 0.564335576257798
0.442212618025083 0.549155030985648 0.444046153596812 0.703653613199928 0.344483338148424 0.450248464679529 0.483823554708422
0.79610859676451 0.647272386395414 0.841055383544618 0.900714028932608 0.393484734288852 0.483822726195713 0.713935690179317
0.384729916871999 0.379357973844327 0.616442503123884 0.386447233622899 0.55479213033748 0.511579780469724 0.450614046321936
0.49299313683035 0.300513102936851 0.537098872413247 0.457545629194899 0.342413488667846 0.535437049122168 0.443910487068577
0.434439020792135 0.569004714841864 0.54265355011906 0.739293031965471 0.437184308445616 0.483822726195713 0.531487560237569
0.711628611733955 0.772017943296176 0.938058322885513 0.852375748255749 0.241433358182386 0.483822726195713 0.634834003038222
0.629072161715018 0.34472490030868 0.583298559728777 0.642531835615869 0.200222367607815 0.592557900619111 0.480309539120544
0.637856431402032 0.633854205211664 0.793562116158866 0.781025443165011 0.598955913477008 0.450248464679529 0.692144180870726
0.148266591651513 0.434801353796489 0.434687427942746 0.330809702538973 0.796397339041787 0.483822726195713 0.332568833260284
0.50300825344044 0.513916908870968 0.574074524581346 0.683761585330513 0.119372756258475 0.673275216339071 0.420114808858091
0.148266591651513 0.422253627052904 0.434687427942746 0.318534242168247 0.796397339041787 0.511579780469724 0.328612156943178
0.356390646783144 0.374038604340516 0.620119285987636 0.330809702538973 0.716525408040194 0.342119013093458 0.444610818941801
0.419369099282968 0.341004764372635 0.385037096035812 0.521901634104378 0.111233935126855 0.450248464679529 0.332243600668447
0.353075360815891 0.448687946297467 0.444046153596812 0.587774946995925 0.725735924428684 0.450248464679529 0.495477339281592
0.30788526641663 0.506380933351269 0.683369316980474 0.502904548376697 0.631226183949703 0.342119013093458 0.481874339910488
0.413538671619737 0.447421930113063 0.444046153596812 0.624950122189309 0.0835050697436481 0.764987967474263 0.341567003744613
0.554093726447681 0.519127060352504 0.610925161575807 0.72878422951494 0.674995719308131 0.732359780898134 0.630453939175069
0.596604209555808 0.27548247217582 0.729009043912078 0.401074605325879 0.530262544545563 0.483822726195713 0.519495741307019
0.645226750671261 0.533771035042537 0.774498776187672 0.766277073329206 0.54863007108597 0.623043223490324 0.669678113976681
0.489223273478121 0.477744731651491 0.527834336318392 0.775284150257625 0.654996599933244 0.886079297082096 0.596207031043799
0.483852033496183 0.121448643560898 0.518561233364218 0.202156753459814 0.505128346016608 0.704673357010819 0.361059325650006
0.210961895434677 0.486995547182121 0.0549527813824961 0.893610937631858 0.853287628953883 0.342119013093458 0.342119013093551
0.618147140352936 0.597027961073859 0.564842682011626 0.959920893325059 0.59798560917249 0.450248464679529 0.68086818754984
0.645226750671261 0.654273734802961 0.832220494190826 0.789742272344451 0.605760607106509 0.483822726195713 0.705308655234859
0.249451339637163 0.374038604340516 0.434687427942746 0.406803588005581 0.882962373885055 0.0316227766016838 0.415140296222319
0.568014473626591 0.576983807369895 0.675137403185905 0.704018938073933 0.214919590009941 0.575364115859034 0.51152031695608
0.286623552444463 0.363081058174417 0.266343212387013 0.587774946995925 0.476705603312551 0.450248464679529 0.386747738498215
0.558759642912336 0.191148665743351 0.545429765240083 0.333390539685869 0.873218760146999 0.535437049122168 0.498728586865562
0.428620508839911 0.463935555966344 0.49905906983655 0.630004101621131 0.289484010861556 0.483822726195713 0.454414761180196
0.397773729520406 0.296194729444055 0.387729161558503 0.50849761115441 0.535895040690694 0.450248464679529 0.442864941266525
0.400837467912424 0.236775296659606 0.337306340015009 0.540842708354634 0.732922843159466 0.406846652259058 0.463484202385802
0.516287733432929 0.330250452558364 0.461799356634824 0.65795380831774 0.581559486609696 0.865696063039908 0.541212152619162
0.228749634103948 0.349536958356562 0.425318084563378 0.382926938168329 0.451442451120347 0.483822726195713 0.345236522089049
0.782545164097231 0.448687946297467 0.884020008363251 0.75307668866461 0.492692927065571 0.556474063459738 0.700024034072855
0.42274885486337 0.249434267631056 0.421879947546028 0.427754514093031 0.38747272013403 0.704673357010819 0.405097144784455
0.649666406116076 0.65522979756953 0.757229701257779 0.619163182093669 0.367906746423892 0.786971628851558 0.587913848853178
0.711222508980716 0.356660535039732 0.822788362728963 0.650280838423536 0.527452682538574 0.450248464679529 0.646457676180573
0.366864361905278 0.357989964680801 0.408738827683269 0.626320084208181 0.505128346016608 0.342119013093458 0.46154681429499
0.645226750671261 0.353396176228096 0.478274517912973 0.789742272344451 0.581078348411187 0.661762052932877 0.613342777173862
0.533647610498045 0.574587747556931 0.425318084563378 0.935777311901911 0.616497924542237 0.483822726195713 0.618292582844888
0.696605264781162 0.478899140328492 0.452460132989603 0.998714028645253 0.603814168549372 0.931665688324041 0.678538510519133
0.741537572596991 0.239500734530097 0.853450700135797 0.615075948117137 0.505128346016608 0.661762052932877 0.629584433512699
0.442212618025083 0.564095386342559 0.48448374906775 0.875001719323751 0.704805487840396 0.406846652259058 0.603461451121996
0.465560398083116 0.284817839441175 0.481379660413866 0.471775131529177 0.638133260690445 0.450248464679529 0.487936287663065
0.340623489339577 0.444892047124896 0.367919026843226 0.617638595083267 0.52651701034551 0.342119013093458 0.45042242171135
0.481421972118981 0.317555440323706 0.537098872413247 0.552264313265818 0.390904918865101 0.511579780469724 0.478218962014081
0.483852033496183 0.218203853194401 0.508350722896249 0.337732704177177 0.372982939748457 0.406846652259058 0.402198317467454
0.434439020792135 0.591669489340758 0.126236590481176 0.927220138774993 0.400387875799544 0.450248464679529 0.429541717141059
0.416822320280401 0.588993883323028 0.387729161558503 0.863266538322885 0.165998516121944 0.483822726195713 0.425583930753149
0.373630605088689 0.588993883323028 0.518561233364218 0.636904663678814 0.40471970951618 0.483822726195713 0.477601319008373
0.425691431017635 0.324424500735154 0.586064268332941 0.524919353677361 0.493151916238902 0.406846652259058 0.484702374236079
0.46000689589893 0.27548247217582 0.374843082430747 0.455130795273574 0.701757215792397 0.406846652259058 0.468520690854611
0.434439020792135 0.588993883323028 0.384588322307334 0.903910276832223 0.660978275669368 0.406846652259058 0.575192172784369
0.349739190312459 0.477744731651491 0.461799356634824 0.642531835615869 0.58734200657523 0.483822726195713 0.490308502420834
0.631106529651708 0.433166002692152 0.405606735758669 0.904099898846655 0.324761079957647 0.608373204556172 0.552322412967706
0.359685498760175 0.670290136117534 0.289671662736029 0.950228835983396 0.578674365195665 0.450248464679529 0.514356165691425
0.791316056079719 0.737211479404907 0.964117619840299 0.886562246882813 0.224758805706204 0.483822726195713 0.654095061907998
0.554093726447681 0.508977029407412 0.600803201738267 0.723827910504707 0.666975458075083 0.764987967474263 0.6252382827036
0.191111875169172 0.384692303329449 0.425318084563378 0.431941811948093 0.871057712574276 0.342119013093458 0.388444040346917
0.210961895434677 0.38997989951103 0.461799356634824 0.401074605325879 0.483082443433136 0.764987967474263 0.353334797563241
0.428620508839911 0.501067258728484 0.434687427942746 0.790718426571734 0.200577280743137 0.342119013093458 0.440223592051556
0.478983705613765 0.51417716658171 0.320518627278387 0.849353776844614 0.673991689696332 0.450248464679529 0.561348367877836
0.267067242523099 0.37623790024069 0.51175541525207 0.467761211390518 0.365376117227227 0.511579780469724 0.379525385108181
0.752821829772944 0.239229505552045 0.637568466857021 0.582354595998904 0.423936827086637 0.483822726195713 0.570876582024373
0.645226750671261 0.176004582785376 0.856936151600288 0.163216279540595 0.60770883425729 0.535437049122168 0.428621249614609
0.606164516303688 0.530888120880237 0.585757001356752 0.921657219253036 0.443406154657313 0.575364115859034 0.630511638879196
0.530865118474821 0.554698711563534 0.735082782627186 0.679990681994509 0.335402749960227 0.406846652259058 0.550394292351938
0.596604209555808 0.231438325833999 0.554678468973188 0.453574505305813 0.293434045674204 0.450248464679529 0.450248464679668
0.696605264781162 0.560140021741503 0.910159601528773 0.768733879153131 0.495908413417057 0.483822726195713 0.693017733182574
0.224728506003577 0.374038604340516 0.224524099200942 0.617638595083267 0.582522104238985 0.450248464679529 0.369370430735757
0.370418861997369 0.554698711563534 0.444046153596812 0.65795380831774 0.442515782590698 0.483822726195713 0.474543385794877
0.434439020792135 0.330607815862384 0.574074524581346 0.407119501022649 0.516256035606182 0.575364115859034 0.457609244627983
0.450744484135334 0.614779006358591 0.574074524581346 0.724892831677836 0.452785836597676 0.483822726195713 0.545779588529402
0.373630605088689 0.363081058174417 0.367919026843226 0.650090807450114 0.120292011991187 0.450248464679529 0.34501350461602
0.379999547751624 0.383587427715688 0.646742116110474 0.444432304692602 0.733951196152743 0.450248464679529 0.498160436936099
0.784304569831642 0.306720539051285 0.78357960037914 0.652984901647034 0.392624257175137 0.483822726195713 0.617178459675846
0.425691431017635 0.341004764372635 0.692509773452706 0.337732704177177 0.737038725154018 0.450248464679529 0.48071285715914
0.296821445118089 0.260404537393504 0.346789218429258 0.341015879287715 0.516256035606182 0.450248464679529 0.351934835163364
0.30788526641663 0.408536811882739 0.574074524581346 0.360562575971603 0.704805487840396 0.450248464679529 0.430860554606872
0.658485628232476 0.684453741060367 0.675137403185905 0.886678250955145 0.319071749828552 0.772525683232774 0.62182653199796
0.000251188643150958 0.561445244163513 1.99526231496888e-06 0.821656032942717 0.928837730914184 0.649614533699218 0.00775180716059026
0.000251188643150958 0.536132102265386 0.00887269218403805 0.790610024509094 0.873218760146999 0.714262915828272 0.0337342207819411
0.442212618025083 0.356900890512969 0.508350722896249 0.551979712537498 0.663974932297434 0.483822726195713 0.517008128411775
0.536672067444515 0.166707852483099 0.564842682011626 0.328208571849994 0.847387579990695 0.978786800346701 0.487303859676119
0.678047088173974 0.415758025888988 0.847898247569524 0.593867828291899 0.381487241056545 0.450248464679529 0.590446725958939
0.518607548462465 0.630870273990456 0.683369316980474 0.726192281246391 0.39520730190886 0.556474063459738 0.57177856040429
0.513701983347541 0.44211249566692 0.583298559728777 0.624264013775722 0.357814277007846 0.535437049122168 0.511453600350059
0.471070082615546 0.140450830378491 0.637568466857021 0.247173676460787 0.737038725154018 0.944118309343114 0.427133903978828
0.224728506003577 0.319565737192204 0.425318084563378 0.337732704177177 0.452785836597676 0.511579780469724 0.330397516364701
0.500640536429868 0.226788564567192 0.472061041003842 0.409114618582788 0.943723537741764 0.450248464679529 0.51045212811599
0.627033398298469 0.537313416750891 0.414999234047739 0.860183189179972 0.222561458068216 0.556474063459738 0.511849477181052
0.319757156683282 0.576983807369895 0.564842682011626 0.590518302764555 0.386616022988767 0.450248464679529 0.449155797373391
0.698126327524404 0.129970742073361 0.889732087034034 0.141259344966744 0.5757933477952 0.592557900619111 0.413045460918233
0.363286752348481 0.413265095184386 0.558067620522232 0.406803588005581 0.807474011654113 0.342119013093458 0.478331654315735
0.740537689417908 0.621549219663278 0.865065976435836 0.802660057948028 0.502357273671618 0.556474063459738 0.713294230305996
0.416822320280401 0.169934569696587 0.518561233364218 0.335440912946717 0.758754654971448 0.575364115859034 0.439043022257544
0.530865118474821 0.370378856319694 0.583298559728777 0.533181686127191 0.418670574179061 0.623043223490324 0.505537506738893
0.624990205982168 0.335380024239935 0.620119285987636 0.605445255998303 0.409935444653887 0.450248464679529 0.549894975647122
0.615854876982508 0.433166002692152 0.545429765240083 0.79622736242637 0.216732154183288 0.342119013093458 0.514602945292769
0.410237547793218 0.571927800874685 0.157032817953666 0.87323677318063 0.680525505422466 0.535437049122168 0.479725516816685
0.263041003130062 0.444892047124896 0.527834336318392 0.431941811948093 0.293434045674204 0.511579780469724 0.358827291695519
0.42274885486337 0.213936536013546 0.39996575376906 0.369717084482065 0.534485323152599 0.483822726195713 0.407898154253101
0.46000689589893 0.163700572795459 0.487586791334966 0.250275048151915 0.374679413493809 0.535437049122168 0.357046428002987
0.513701983347541 0.31495765456561 0.629306241205779 0.429383007255762 0.535895040690694 0.511579780469724 0.498177221607565
0.370418861997369 0.392444152553002 0.564842682011626 0.492572663501835 0.434082824688936 0.511579780469724 0.447305206240542
0.494821086692797 0.277551611244515 0.702556950013941 0.322943464587202 0.715504094442712 0.450248464679529 0.489112115084261
0.376824047048504 0.423254734249793 0.487586791334966 0.617638595083267 0.623849635726215 0.450248464679529 0.503373221120794
0.622714756713185 0.549155030985648 0.588829290172533 0.857288726298964 0.325983953097807 0.592557900619111 0.587169756940921
0.575970743063088 0.478899140328492 0.757229701257779 0.623577150452385 0.458620325548536 0.450248464679529 0.584664588079823
0.546672649731169 0.377338514084955 0.472061041003842 0.634477741005325 0.499129867798577 0.483822726195713 0.534196391939855
0.416822320280401 0.463425665593862 0.405606735758669 0.780901976048891 0.251599923082024 0.406846652259058 0.448000016894363
0.704842633997632 0.382000582368472 0.816436987935046 0.657329245613234 0.527452682538574 0.450248464679529 0.648139613219455
0.425691431017635 0.537313416750891 0.452460132989603 0.699989878066087 0.414733254959863 0.483822726195713 0.497039557419481
0.643126694255429 0.563716641840172 0.81984823343023 0.788656239479322 0.556216933303317 0.535437049122168 0.685101427046436
0.330300201976383 0.356900890512969 0.564842682011626 0.314063123508337 0.552894018342782 0.511579780469724 0.399178847314893
0.363612958423481 0.360654934843372 0.452460132989603 0.394611531842356 0.672988087239815 0.592557900619111 0.437445590667096
0.376824047048504 0.360412501578706 0.629306241205779 0.322943464587202 0.724710875060053 0.450248464679529 0.450248464679557
0.236653975430864 0.536132102265386 0.196310449097402 0.805857150244055 0.741161184671143 0.406846652259058 0.421495644032523
0.296821445118089 0.363081058174417 0.527834336318392 0.360562575971603 0.721638212422598 0.406846652259058 0.419313510970725
0.494821086692797 0.601455956711967 0.583298559728777 0.735806774322146 0.446080335819058 0.483822726195713 0.562433661783182
0.406918618901491 0.25360765217558 0.461799356634824 0.50849761115441 0.491316692558943 0.483822726195713 0.448243808136042
0.489223273478121 0.452109757210642 0.574074524581346 0.685139049753859 0.452337914728219 0.0316227766016838 0.541374957315458
0.596604209555808 0.446030139399773 0.574074524581346 0.763251094288812 0.422179320288336 0.575364115859034 0.582451817104417
0.772722205551234 0.071223625030904 0.695859679367797 0.21845851689019 0.699219875109798 0.843761937385289 0.46251458563548
0.491894195153357 0.414386542905762 0.397143695417725 0.721693354023027 0.183054446555299 0.592557900619111 0.427439169276854
0.476537136187645 0.2664381416367 0.620119285987636 0.29723810253589 0.720614820871498 0.535437049122168 0.462097691649879
0.220203551286746 0.565421392537101 0.165911368228472 0.831815919852867 0.721638212422598 0.406846652259058 0.403014985143469
0.587888097514049 0.257341491168336 0.518561233364218 0.577774071970086 0.636157619416504 0.535437049122168 0.556370316393134
0.370418861997369 0.38997989951103 0.637568466857021 0.448873261661445 0.733951196152743 0.406846652259058 0.494986379940921
0.379999547751624 0.359079701887308 0.508350722896249 0.537982609752186 0.485822773242269 0.450248464679529 0.461350609342079
0.319757156683282 0.428392830620842 0.527834336318392 0.404521731361187 0.476705603312551 0.511579780469724 0.410525891457994
0.603609472790747 0.328107898292628 0.720805265456753 0.4825525159794 0.519048757511068 0.592557900619111 0.550138675480137
0.476537136187645 0.170978077014971 0.452460132989603 0.193491518297792 0.685059449260365 0.779848999939171 0.375281847044023
0.468320642078626 0.296194729444055 0.490688794573408 0.478628986617194 0.648037657742722 0.406846652259058 0.494958031823281
0.286623552444463 0.37623790024069 0.540432039854888 0.346006091337423 0.51998062081434 0.511579780469724 0.386534746703025
0.236653975430864 0.407294338607936 0.452460132989603 0.448873261661445 0.489941558598399 0.556474063459738 0.377479563070832
0.587888097514049 0.716292622341706 0.754197913854507 0.823531531427769 0.511611081278519 0.483822726195713 0.662666437181324
0.513701983347541 0.21033896544673 0.49905906983655 0.460745720306434 0.545320197633057 0.406846652259058 0.478736633760677
0.516287733432929 0.481723370719656 0.518561233364218 0.843277346008733 0.5757933477952 0.732359780898134 0.60235015519686
1.00000059999988 0.0191852847223818 0.81984823343023 0.510180373209175 0.403852277785987 0.749206589680809 0.54175544079905
0.416822320280401 0.440724028098253 0.402786764513827 0.703653613199928 0.264186804697146 0.483822726195713 0.437910796546225
0.611253193756664 0.194464232369224 0.709859234267155 0.330809702538973 0.535895040690694 0.511579780469724 0.485802033064277
0.263041003130062 0.541649344032652 0.206061975157944 0.80372716843668 0.758754654971448 0.450248464679529 0.440483388067411
0.282784772400884 0.392444152553002 0.397143695417725 0.579403564163027 0.962008775196458 0.450248464679529 0.476461620677817
0.720721452000541 0.319321417615421 0.832310595341514 0.639562597674651 0.526049352291108 0.450248464679529 0.643197702770367
0.416822320280401 0.484422319998133 0.397143695417725 0.775284150257625 0.209148742696562 0.483822726195713 0.430192087251451
0.684484317361027 0.540203260726252 0.527834336318392 0.962862896374012 0.728300357793656 0.592557900619111 0.717864658423898
0.76420740126097 0.313778255901359 0.871085475263967 0.684888807738889 0.560021506599999 0.890961453576841 0.680073631050777
0.516287733432929 0.344965185955634 0.802631396525144 0.413697951392059 0.644070670015554 0.483822726195713 0.537708255658098
0.210961895434677 0.381379585965588 0.367919026843226 0.542267100765552 0.275391553046194 0.450248464679529 0.328910644647103
0.664394331299395 0.198759130039735 0.738118660401771 0.360562575971603 0.54013055054477 0.450248464679529 0.514698410366862
0.349739190312459 0.557077977450111 0.481379660413866 0.605445255998303 0.396069391408955 0.450248464679529 0.452577128388909
0.148266591651513 0.399855457073427 0.224524099200942 0.573156942730999 0.236953557298376 0.406846652259058 0.268347953243709
0.580757240329466 0.648543232716052 0.387729161558503 0.978754527478562 0.511611081278519 0.406846652259058 0.611851468000678
0.590252258694187 0.269865580737854 0.600803201738267 0.496040536796661 0.758754654971448 0.406846652259058 0.569515787334901
0.554093726447681 0.191255441227112 0.570998118086164 0.439417410908845 0.907455920856365 0.511579780469724 0.545437533685079
0.416822320280401 0.384692303329449 0.600803201738267 0.578007137821743 0.322319278428581 0.406846652259058 0.460284076854459
0.456933344006245 0.448687946297467 0.527834336318392 0.686264009612862 0.455924832566649 0.535437049122168 0.523656816136411
0.664394331299395 0.306955277826636 0.675137403185905 0.636904663678814 0.363271076815928 0.673275216339071 0.559855934725949
0.503270874407871 0.44211249566692 0.623182395186673 0.759536304044314 0.441181183804251 0.876065510693298 0.566335490338511
0.434439020792135 0.588993883323028 0.387729161558503 0.899061402801016 0.673991689696332 0.450248464679529 0.577433314255167
0.425691431017635 0.432034559176539 0.620119285987636 0.627550493008208 0.570043660237551 0.772525683232774 0.537606114217958
0.806984063990983 0.600398832841333 0.845536159918629 0.887346807464909 0.414733254959863 0.535437049122168 0.719225903101581
0.536420463801542 0.558797601479607 0.620119285987636 0.698834451499809 0.241433358182386 0.684226319856064 0.505316285606825
0.58314064902367 0.2664381416367 0.493479715118835 0.57015830756424 0.641594840363776 0.556474063459738 0.550119577358586
0.480203870572879 0.31442681565961 0.554678468973188 0.453054553980457 0.688086852065838 0.483822726195713 0.509655956620088
0.359685498760175 0.437319681497612 0.340468839593092 0.742416666899124 0.453233885105868 0.342119013093458 0.460315652492215
0.568014473626591 0.565421392537101 0.689463664268938 0.866338913721489 0.442070788364919 0.406846652259058 0.627821575623587
0.497736481612409 0.266324044770225 0.711684186152425 0.413697951392059 0.7042971804041 0.450248464679529 0.522931422176034
0.416822320280401 0.613565411959823 0.434687427942746 0.763251094288812 0.391764318531816 0.483822726195713 0.500091904045788
0.290049376644102 0.418503706372582 0.545429765240083 0.352630877008106 0.718569283275017 0.450248464679529 0.419167258093141
0.465560398083116 0.365510428153931 0.552367059178092 0.442091252927194 0.816472776484401 0.511579780469724 0.523006952751368
0.465560398083116 0.346046885466259 0.384588322307334 0.628778494119469 0.188263125603435 0.511579780469724 0.401067196338877
0.397773729520406 0.305430118379661 0.537098872413247 0.413697951392059 0.785888884854861 0.450248464679529 0.479680256020225
0.798203626326843 0.710635520370013 0.964117619840299 0.901417790392091 0.319071749828552 0.575364115859034 0.705488245431442
0.568014473626591 0.495727919310751 0.757229701257779 0.628778494119469 0.443406154657313 0.511579780469724 0.58074283861014
0.618147140352936 0.683076041941721 0.802631396525144 0.778703737554172 0.601869521054554 0.406846652259058 0.690054358410762
0.780587170655478 0.303320872194783 0.793562116158866 0.663531643789278 0.343654970702022 0.535437049122168 0.603684096577562
0.319757156683282 0.666587176456234 0.577150063624767 0.539414554668369 0.749425773554928 0.450248464679529 0.506269476718535
0.400837467912424 0.40096953877043 0.349947128787474 0.69593749261209 0.530262544545563 0.813686343790921 0.481845043836141
0.956357972183874 3.16227766016838e-08 0.841794798023486 0.448658398294901 0.397363531361664 0.535437049122168 0.254958263517969
0.196568055273255 0.380031605739553 0.340468839593092 0.429952946554493 0.21166796508515 0.575364115859034 0.2826698831814
0.614214057774395 0.653630013188198 0.774498776187672 0.812213581854026 0.54863007108597 0.450248464679529 0.678026857997913
0.684484317361027 0.421878334143079 0.844884488450285 0.622201149073356 0.383621854937283 0.406846652259058 0.600487066001718
0.442212618025083 0.576983807369895 0.378302579637878 0.88677490942329 0.637145221267333 0.450248464679529 0.56861382069116
0.598945363873871 0.53232918763896 0.683369316980474 0.726192281246391 0.305775687621653 0.511579780469724 0.561283950524296
0.58314064902367 0.438453876908034 0.397143695417725 0.855086391185974 0.263418981483195 0.623043223490324 0.507989019259232
0.373630605088689 0.355812480597022 0.49905906983655 0.448873261661445 0.666975458075083 0.450248464679529 0.463736255741346
0.530865118474821 0.517693221354604 0.444046153596812 0.879106147165173 0.318261337415229 0.511579780469724 0.532391791479746
0.20144200914864 0.417255221726677 0.446851738072165 0.431346115215575 0.759273892043861 0.342119013093458 0.388634053115671
0.793644026370901 0.707958976535702 0.982964970049844 0.884645983506871 0.23360949138821 0.511579780469724 0.660226575604346
0.129687722878622 0.521997114527302 0.399260337713719 0.431792964810271 0.212750265803428 0.511579780469724 0.262473703929152
0.565588788709332 0.407294338607936 0.518561233364218 0.636904663678814 0.372135528275519 0.556474063459738 0.519823116744322
0.541687744736127 0.610870254486457 0.330976640417781 0.894473745421066 0.59604634976843 0.843761937385289 0.584465064781125
0.491894195153357 0.311422118386088 0.64697136921034 0.383038835639258 0.679016103866282 0.608373204556172 0.502081969464503
0.416822320280401 0.407294338607936 0.472061041003842 0.605445255998303 0.652011595958584 0.406846652259058 0.516152265285905
0.359685498760175 0.67667704918414 0.292859468867224 0.952121129539933 0.529325449998703 0.342119013093458 0.506734791016799
0.603609472790747 0.159776682744278 0.646742116110474 0.270042136852974 0.775942894742901 0.450248464679529 0.479939489821534
0.500640536429868 0.18487016245877 0.371381903941706 0.448873261661445 0.49959056178763 0.511579780469724 0.436740055330158
0.570674775977065 0.443501835889555 0.610925161575807 0.766277073329206 0.136221927970161 0.575364115859034 0.463410014216275
0.76420740126097 0.528270003646615 0.991933195428395 0.755349511369592 0.416044513386231 0.450248464679529 0.692412837579342
0.760225416277636 0.283661966821923 0.78357960037914 0.622201149073356 0.323946561182721 0.483822726195713 0.578201750344206
0.410237547793218 0.312481940704816 0.656825229907692 0.346006091337423 0.715504094442712 0.483822726195713 0.46923574376019
0.46000689589893 0.270666574895358 0.464365892770733 0.4825525159794 0.978718383816513 0.511579780469724 0.5283775466075
0.558759642912336 0.667958164564724 0.564842682011626 0.846017140765149 0.338284505094963 0.608373204556172 0.57274086441147
0.568014473626591 0.557077977450111 0.502157291010239 0.882026187795994 0.750978295913249 0.406846652259058 0.662840927737099
0.406918618901491 0.490473720395031 0.452460132989603 0.620684024270223 0.556216933303317 0.406846652259058 0.500981124587295
0.528327116597379 0.676195892543763 0.586064268332941 0.68351083900848 0.424376529587858 0.636744580077861 0.560115917941772
0.326811079534964 0.365267345427239 0.367919026843226 0.617638595083267 0.509293107954813 0.406846652259058 0.437436320210355
0.516287733432929 0.573390466091956 0.656825229907692 0.692604269006695 0.213834141920781 0.450248464679529 0.492124317286682
0.450744484135334 0.378929423502408 0.629306241205779 0.44715146387134 0.516256035606182 0.511579780469724 0.486003811325451
0.563156148374511 0.476590880601402 0.610925161575807 0.721693354023027 0.657985495698957 0.793905951708126 0.625666568110269
0.640811339037114 0.537313416750891 0.777526337037936 0.768733879153131 0.549103377036632 0.623043223490324 0.669741127692209
0.58314064902367 0.375137929948696 0.564842682011626 0.681375769691939 0.374679413493809 0.592557900619111 0.540903481899131
0.42274885486337 0.369038755028377 0.490688794573408 0.622201149073356 0.516256035606182 0.450248464679529 0.499070386575869
0.370418861997369 0.291772713447674 0.157032817953666 0.613880374307184 0.755641365134274 0.342119013093458 0.416402533353214
0.52322655751158 0.478899140328492 0.708642462517285 0.595165330704367 0.578193910391258 0.406846652259058 0.581095319975966
0.483852033496183 0.45490173599454 0.564842682011626 0.679990681994509 0.45189011955117 0.406846652259058 0.537026950228565
0.356390646783144 0.323119491726027 0.468641796626871 0.352630877008106 0.334580686391649 0.450248464679529 0.366489524130694
0.994746348649351 0.357989964680801 1.00000094999998 0.830283640691569 0.291852196656673 0.838002145090772 0.701182015370645
0.491894195153357 0.677295779704971 0.607552162873301 0.782875113272651 0.315429537954451 0.450248464679529 0.539945471471762
0.206238576847281 0.456044898861023 0.465221238730087 0.471775131529177 0.838826610759347 0.483822726195713 0.414107549552892
0.468320642078626 0.45490173599454 0.656825229907692 0.596460010616588 0.634183729596181 0.511579780469724 0.564223776402482
0.55851471676482 0.251575627127261 0.545429765240083 0.448873261661445 0.293434045674204 0.406846652259058 0.441016219945763
0.889275774049128 0.279969510895872 0.988944263028681 0.660813466666399 0.397795179283352 0.592557900619111 0.668072514498843
0.678047088173974 0.183810184356561 0.748132411440653 0.352630877008106 0.544375571295408 0.511579780469724 0.514514883293361
0.631106529651708 0.581381753003075 0.748132411440653 0.605445255998303 0.367062648943639 0.623043223490324 0.574199781704706
0.30788526641663 0.309304637807777 0.289671662736029 0.469772458542906 0.462221367189808 0.450248464679529 0.371372827984379
0.445068680174738 0.158644387027647 0.425318084563378 0.306606140465106 0.581559486609696 0.342119013093458 0.398041939837108
0.52322655751158 0.571661942047527 0.59159362881107 0.765269743108711 0.340760178107898 0.535437049122168 0.547327878334595
0.359685498760175 0.613565411959823 0.30241202183236 0.875882858727023 0.774375787746564 0.406846652259058 0.534881650214969
0.359685498760175 0.40096953877043 0.461799356634824 0.443687823652711 0.468542504754353 0.450248464679529 0.422628339475493
0.406918618901491 0.486995547182121 0.397143695417725 0.801484595423522 0.259207395984146 0.450248464679529 0.450248464679598
0.578127935928327 0.356900890512969 0.601033345412865 0.519379367749555 0.558593923360419 0.406846652259058 0.547130903953934
0.627033398298469 0.640510328857285 0.793562116158866 0.781099514066885 0.601869521054554 0.714262915828272 0.689763808429854
0.275000883910958 0.411024025660003 0.425318084563378 0.455130795273574 0.809059957390787 0.450248464679529 0.433362528406905
0.500640536429868 0.446156629982954 0.574074524581346 0.688508415107997 0.453233885105868 0.342119013093458 0.545607660448777
0.898789081865926 0.502491777822578 0.988346419536164 0.818520652455895 0.205207438627142 0.511579780469724 0.641784486465314
0.544184002535541 0.533771035042537 0.748132411440653 0.692604269006695 0.327208138331816 0.483822726195713 0.555049252346578
0.533647610498045 0.574587747556931 0.434687427942746 0.879106147165173 0.268035476775851 0.556474063459738 0.515997338028957
0.210961895434677 0.386043569131839 0.292859468867224 0.511019676271776 0.293434045674204 0.483822726195713 0.314886143164209
0.563156148374511 0.559856358160468 0.689463664268938 0.864357986086727 0.439847737519649 0.406846652259058 0.624890229454348
0.224728506003577 0.427263894334689 0.414999234047739 0.448873261661445 0.810117748335272 0.406846652259058 0.406142391075307
0.413538671619737 0.452109757210642 0.358466040289591 0.72878422951494 0.0334373142699515 0.450248464679529 0.285491059329133
0.539183794244982 0.451095345437151 0.487586791334966 0.602180467050526 0.549103377036632 0.838002145090772 0.542818352828952
0.809623070975217 0.138445966723566 0.74145736717983 0.564113220064969 0.738068724005716 0.406846652259058 0.644868293337934
0.425691431017635 0.44211249566692 0.367919026843226 0.731952712520822 0.0282415788759962 0.483822726195713 0.279597777434219
0.653865423891895 0.300746884088212 0.702556950013941 0.487851933123553 0.477615097196911 0.511579780469724 0.550391921847861
0.370418861997369 0.45490173599454 0.405606735758669 0.768733879153131 0.542487723267342 0.450248464679529 0.50246565682802
0.52322655751158 0.262905695633304 0.675137403185905 0.346006091337423 0.745290206006421 0.649614533699218 0.505799170471224
0.508504260750827 0.430903707972483 0.537098872413247 0.688508415107997 0.341173291366714 0.556474063459738 0.510619416447233
0.319757156683282 0.405928493069686 0.508350722896249 0.387377626214006 0.709384965192702 0.342119013093458 0.435243980965862
0.67330044539188 0.437319681497612 0.414999234047739 0.761789854538326 0.0774887485301366 0.649614533699218 0.404332398120923
0.52322655751158 0.458841709172168 0.508350722896249 0.551669071564969 0.51068353108184 0.575364115859034 0.521968249921343
0.733994487371513 0.7832257535655 0.947048539149522 0.877818252074361 0.245184772848176 0.450248464679529 0.649415989533367
0.38315745510929 0.404563566058732 0.545429765240083 0.527850238845889 0.567652829325212 0.450248464679529 0.48372647340572
0.894654480702182 0.514679166569484 0.977581969482816 0.827891171845575 0.206638160513159 0.483822726195713 0.643395122523511
0.551627433249539 0.443501835889555 0.340468839593092 0.79266712868939 0.466733963314425 0.450248464679529 0.534635017854576
0.179874263365609 0.388748938641111 0.505564172914034 0.506640117465855 0.232127607265576 0.608373204556172 0.315361600038806
0.760225416277636 0.331561162318811 0.59159362881107 0.775284150257625 0.401253176573248 0.483822726195713 0.615094884273081
0.65187866328508 0.26165451879697 0.656825229907692 0.561371693503926 0.783791986032112 0.450248464679529 0.619340552075913
0.148266591651513 0.486802460609255 0.444046153596812 0.44715146387134 0.755641365134274 0.807253551009281 0.361068886805068
0.505564924262606 0.279926297365253 0.634470796531644 0.455130795273574 0.30898410470661 0.450248464679529 0.44888627929055
0.330300201976383 0.309304637807777 0.30241202183236 0.476655111066981 0.468090182071608 0.342119013093458 0.384504320798028
0.465560398083116 0.51417716658171 0.153737826747821 0.892555262116224 0.621886745707861 0.450248464679529 0.487194536496336
0.263041003130062 0.414386542905762 0.397143695417725 0.476655111066981 0.420862560182365 0.450248464679529 0.375430722973977
0.179874263365609 0.374038604340516 0.340468839593092 0.533181686127191 0.274614553689744 0.342119013093458 0.307701393215764
0.752821829772944 0.363081058174417 0.865065976435836 0.683761585330513 0.556216933303317 0.608373204556172 0.680276838037602
0.406918618901491 0.565421392537101 0.508350722896249 0.742416666899124 0.445188431710485 0.406846652259058 0.517701230566241
0.30788526641663 0.393554078049867 0.367919026843226 0.527850238845889 0.126782760297426 0.450248464679529 0.312466326277195
0.894654480702182 0.164839975671346 0.856936151600288 0.613880374307184 0.571000796049468 0.450248464679529 0.668435006568299
0.410237547793218 0.31637409959543 0.378302579637878 0.524919353677361 0.45682282573733 0.450248464679529 0.436173565127804
0.529343290747168 0.328964585264744 0.814413412211894 0.394611531842356 0.634183729596181 0.450248464679529 0.533025286892897
0.55851471676482 0.527092696242088 0.508350722896249 0.716807580416629 0.442515782590698 0.535437049122168 0.559668496823396
0.516287733432929 0.421878334143079 0.541265162421759 0.641430394381927 0.231387676497765 0.406846652259058 0.465312326930423
0.548534189208649 0.389672086336865 0.358466040289591 0.721693354023027 0.109694300026405 0.483822726195713 0.38961214501808
0.508504260750827 0.326799934589084 0.629306241205779 0.365051143323358 0.768116423427337 0.608373204556172 0.511654370449899
0.518607548462465 0.363081058174417 0.583298559728777 0.565478999118774 0.423497254848109 0.608373204556172 0.510934658055894
0.326811079534964 0.424632030135077 0.320518627278387 0.6354226457185 0.489483425405845 0.406846652259058 0.430177446573546
0.395002852807771 0.386043569131839 0.574074524581346 0.502904548376697 0.419546976103589 0.483822726195713 0.45618702704452
0.611253193756664 0.393776138352362 0.81984823343023 0.518016137490894 0.652011595958584 0.649614533699218 0.609029200574473
0.196568055273255 0.466486687914438 0.446851738072165 0.346006091337423 0.796397339041787 0.450248464679529 0.368810719766869
0.692792881804759 0.399607967587574 0.620119285987636 0.661850279031562 0.178574218887094 0.592557900619111 0.495970749698223
0.249451339637163 0.466359064897495 0.0549527813824961 0.896483734280565 0.866200954848077 0.342119013093458 0.359870936975505
