0.187484782079379 0.469582593250443 0.454545454545455 0.191914349632469 0.960837887067406 0.0759493670886076 0.187484782079379
0.255661066471877 0.656971580817052 0.383181818181818 0.784276126558006 0.81056466302369 0.0126582278481013 0.255661066471877
0.182615047479912 0.439498223801066 0.39 0.271332694151486 0.442622950819673 0.0506329113924051 0.182615047479912
0.598246895544193 0.503774422735347 0.935454545454545 0.520613614573346 0.466302367941723 0.0632911392405063 0.598246895544193
0.187484782079379 0.739231793960924 0.299090909090909 0.874081176094597 0.5724043715847 0.0379746835443038 0.187484782079379
0.14852690528366 0.336367673179396 0.335454545454545 0.151486097794823 0.728597449908936 0.0506329113924051 0.14852690528366
0.39688336985634 0.466141207815276 0.571818181818182 0.207574304889741 0.840619307832431 0.0759493670886076 0.39688336985634
0.338203067932798 0.5371891651865 0.480909090909091 0.440875679130714 0.463570127504564 0.0506329113924051 0.338203067932798
0.610908205502798 0.348468028419185 0.89 0.280920421860019 0.459471766848827 0.0886075949367089 0.610908205502798
0.138787436084733 0.450488454706928 0.272727272727273 0.276605944391179 0.564663023679428 0.0632911392405063 0.138787436084733
0.1672753834916 0.410857015985791 0.380909090909091 0.177532758069669 0.662112932604755 0.0506329113924051 0.1672753834916
0.310236877804448 0.442067368688152 0.480909090909091 0.248681687440077 0.430783242258661 0.113924050632911 0.310236877804448
0.224007791575361 0.683614564831261 0.338484848484845 0.800415468200705 0.712204007285985 0.0126582278481013 0.224007791575361
0.43827611395179 0.63510213143872 0.480909090909091 0.759188239054013 0.774134790528252 0.113924050632911 0.43827611395179
0.226442658875091 0.534968916518652 0.608181818181818 0.295302013422819 0.911657559198552 0.0506329113924051 0.226442658875091
0.274653031409788 0.368561278863233 0.536363636363636 0.195110258868648 0.890710382513661 0.329113924050633 0.274653031409788
0.133430728025325 0.592695381882771 0.299090909090909 0.420421860019176 0.616575591985438 0.367088607594937 0.133430728025325
0.0438276113951788 0.435057726465366 0.145454545454545 0.317833173537872 0.724499089253196 0.0759493670886076 0.0438276113951788
0.0803506208911613 0.454151865008882 0.4030303030303 0.171140939597315 0.555100182149373 0.0506329113924051 0.0803506208911613
0.467494521548576 0.429729129662524 0.627272727272727 0.369319271332694 0.860655737704918 0.0632911392405063 0.467494521548576
0.372534696859021 0.686056838365896 0.435454545454545 0.88542665388303 0.788706739526421 0.0759493670886076 0.372534696859021
0.182615047479912 0.679174067495561 0.459090909090909 0.430009587727708 0.453551912568306 0.126582278481013 0.182615047479912
0.26953981008035 0.358459147424513 0.480909090909091 0.171140939597315 0.470856102003662 0.0506329113924051 0.26953981008035
0.255661066471877 0.275421847246891 0.517272727272727 0.199424736337488 0.8952641165756 0.0886075949367089 0.255661066471877
0.276844411979547 0.498445825932505 0.484242424242427 0.219079578139981 0.769581056466313 0.151898734177215 0.276844411979547
0.203798392987582 0.497446714031972 0.634545454545454 0.23039309683605 0.811930783242268 0.0506329113924051 0.203798392987582
0.401753104455807 0.500444049733571 0.763636363636364 0.348513902205178 0.489981785063772 0.0632911392405063 0.401753104455807
0.211833455076698 0.596247779751334 0.493939393939391 0.520613614573346 0.676684881602923 0.0632911392405063 0.211833455076698
0.321402483564646 0.708148312611014 0.426363636363636 0.839085969958452 0.809653916211311 0.0379746835443038 0.321402483564646
0.194302410518627 0.444160746003553 0.4969696969697 0.316395014381592 0.575591985428061 0.0632911392405063 0.194302410518627
0.422936449963477 0.869227353463587 0.772727272727273 0.773250239693193 0.513661202185794 0.0632911392405063 0.422936449963477
0.620891161431702 0.330928063943162 0.799090909090909 0.400767018216683 0.619307832422598 0.0506329113924051 0.620891161431702
0.233016800584368 0.687277975133215 0.354545454545454 0.790747842761266 0.728597449908936 0.0506329113924051 0.233016800584368
0.284879474068663 0.753885435168739 0.536363636363636 0.691914349632469 0.382058287796012 0.0506329113924051 0.284879474068663
0.169953737521308 0.583703374777976 0.418181818181818 0.348513902205178 0.735883424408034 0.0506329113924051 0.169953737521308
0.701241782322863 0.219915630550624 0.89 0.256951102588686 0.45264116575593 0.0506329113924051 0.701241782322863
0.632407425687195 0.681737354583713 0.819082719082718 0.786914911075983 0.516848816029155 0.113924050632911 0.632407425687195
0.266252739225712 0.392373445825933 0.545454545454546 0.132790028763183 0.804189435336996 0.10126582278481 0.266252739225712
0.177745312880445 0.747224689165187 0.281818181818182 0.880153403643336 0.572859744990902 0.0506329113924051 0.177745312880445
0.430971512052593 0.562833037300177 0.636363636363636 0.415148609779482 0.593351548269591 0.113924050632911 0.430971512052593
0.0460189919649378 0.545071047957372 0.409090909090909 0.155001597954616 0.873406193078334 0.0632911392405063 0.0460189919649378
0.372534696859021 0.409286982999238 0.809090909090909 0.156759348034516 0.723132969034618 0.0632911392405063 0.372534696859021
0.172632091551008 0.650643872113677 0.454545454545455 0.505113454777886 0.618397085610218 0.0506329113924051 0.172632091551008
0.267348429510592 0.437500000000001 0.509090909090909 0.256951102588686 0.396174863387978 0.0632911392405063 0.267348429510592
0.121256391526662 0.419626998223801 0.429393939393936 0.143975711089804 0.584699453551915 0.0506329113924051 0.121256391526662
0.365230094959825 0.746114564831262 0.372727272727273 0.962128475551294 0.604735883424426 0.0506329113924051 0.365230094959825
0.109569028487947 0.454151865008882 0.114242424242427 0.420421860019176 0.802367941712213 0.0126582278481013 0.109569028487947
0.0657414170927683 0.540408525754885 0.0718181818181819 0.4856184084372 0.719034608378881 0.0126582278481013 0.0657414170927683
0.196493791088386 0.573712255772647 0.0818181818181818 0.888622563119209 0.977231329690354 0.0886075949367089 0.196493791088386
0.0528366204041853 0.565053285968029 0.0636363636363637 0.514541387024607 0.744990892531885 0.0506329113924051 0.0528366204041853
0.109569028487947 0.520759325044406 0.571818181818182 0.302013422818792 0.488160291438989 0.0759493670886076 0.109569028487947
0.467494521548576 0.590364120781528 0.372727272727273 0.702780441035475 0.246812386156666 0.0759493670886076 0.467494521548576
0.328707085463842 0.763876554174068 0.6 0.684084372003835 0.412112932604755 0.0759493670886076 0.328707085463842
0.495982468955442 0.414187388987567 0.554545454545454 0.394694790667943 0.729963570127514 0.0506329113924051 0.495982468955442
0.365230094959825 0.663965364120782 0.426363636363636 0.851869606903164 0.591530054644811 0.0379746835443038 0.365230094959825
0.379108838568298 0.685057726465363 0.520303030303027 0.558964525407479 0.556466302367951 0.126582278481013 0.379108838568298
0.267348429510592 0.693938721136768 0.608181818181818 0.514541387024607 0.291438979963581 0.0506329113924051 0.267348429510592
0.159970781592403 0.617007104795738 0.471818181818182 0.487056567593481 0.648451730418962 0.0506329113924051 0.159970781592403
0.349890430971512 0.677286856127887 0.251363636363636 0.836169702780441 0.913479052823335 0.0632911392405063 0.349890430971512
0.28974920866813 0.549400532859681 0.650909090909091 0.374081176094597 0.840619307832431 0.139240506329114 0.28974920866813
0.336011687363039 0.64154085257549 0.554545454545454 0.573825503355705 0.458105646630245 0.113924050632911 0.336011687363039
0.590629239277889 0.400104668865772 0.781818181818182 0.452221156919142 0.585610200364319 0.0886075949367089 0.590629239277889
0.234842951059167 0.437333481349912 0.645454545454545 0.175455417066156 0.814663023679427 0.0506329113924051 0.234842951059167
0.102264426588751 0.371669626998223 0.375454545454545 0.165867689357622 0.776411657559209 0.0253164556962025 0.102264426588751
0.460189919649379 0.806838365896981 0.724242424242427 0.726749760306807 0.60928961748634 0.0506329113924051 0.460189919649379
0.226442658875091 0.314276198934281 0.490909090909091 0.175455417066156 0.892531876138444 0.0886075949367089 0.226442658875091
0.0942293644996347 0.567051509769095 0.227272727272727 0.468360498561841 0.545537340619318 0.0379746835443038 0.0942293644996347
0.931823715607502 0.493783303730018 0.954545454545455 0.75071907957814 0.36384335154828 0.0886075949367089 0.931823715607502
0.43827611395179 0.610679396092363 0.5330303030303 0.758868648130393 0.84335154826959 0.0759493670886076 0.43827611395179
0.0803506208911613 0.383880994671404 0.299090909090909 0.195110258868648 0.746812386156668 0.0379746835443038 0.0803506208911613
0.233016800584368 0.459591474245115 0.378181818181818 0.410834132310642 0.758652094717677 0.0632911392405063 0.233016800584368
0.365230094959825 0.610568383658971 0.545454545454546 0.586449344838605 0.462659380692188 0.379746835443038 0.365230094959825
0.336011687363039 0.638321492007105 0.509090909090909 0.402524768296582 0.426229508196722 0.10126582278481 0.336011687363039
0.321402483564646 0.668183836589699 0.627272727272727 0.522371364653246 0.484061930783252 0.10126582278481 0.321402483564646
0.1672753834916 0.510768206039077 0.335454545454545 0.463087248322148 0.150273224043716 0.0506329113924051 0.1672753834916
0.328707085463842 0.447491119005329 0.409090909090909 0.380313199105144 0.595628415300548 0.0632911392405063 0.328707085463842
0.349890430971512 0.634880106571937 0.354545454545454 0.551454138702459 0.351092896174864 0.0886075949367089 0.349890430971512
0.294618943267589 0.703929840142096 0.562727272727273 0.58469159475871 0.542805100182159 0.0506329113924051 0.29461894326759
0.109569028487947 0.494116341030196 0.409090909090909 0.199424736337488 0.438979963570138 0.0886075949367089 0.109569028487947
0.14609203798393 0.504107460035525 0.253636363636364 0.423298178331735 0.676381299332132 0.0379746835443038 0.14609203798393
0.306062819576333 0.469693605683838 0.5330303030303 0.330616810482584 0.944444444444455 0.151898734177215 0.306062819576333
0.540540540540541 0.854653006851053 0.918181818181818 0.789549376797699 0.320582877959946 0.0632911392405063 0.54054054054054
0 0.713920959147425 0 0.715883668903802 1 0.0886075949367089 0
0.22863403944485 0.534968916518652 0.562727272727273 0.39117929050815 0.405282331511859 0.0632911392405063 0.22863403944485
0.657414170927685 0.652959274295864 0.8031550802139 0.808442840223336 0.575591985428061 0.30379746835443 0.657414170927685
0.248356464572681 0.616230017761991 0.517272727272727 0.12320230105465 0.894808743169398 0.10126582278481 0.248356464572681
0.157779401022644 0.520759325044406 0.327272727272727 0.463087248322148 0.121129326047379 0.0506329113924051 0.157779401022644
0.123447772096421 0.480711589698047 0.260303030303027 0.362895493767977 0.598816029143909 0.0379746835443038 0.123447772096421
0.618456294131972 0.358459147424513 0.778787878787882 0.370725471396611 0.626593806921696 0.0506329113924051 0.618456294131972
0.598246895544193 0.431838365896981 0.847878787878791 0.380153403643337 0.479963570127515 0.0759493670886076 0.598246895544193
0.130752373995617 0.625111012433392 0.335454545454545 0.269894534995206 0.63296903460839 0.151898734177215 0.130752373995617
0.591429267104945 0.397202486678509 0.636363636363636 0.439117929050815 0.780510018214946 0.0253164556962025 0.591429267104945
0.553911756614456 0.348098948121151 0.8343919716647 0.407472201815441 0.602914389799646 0.139240506329114 0.553911756614456
0.553323593864134 0.472135879218473 0.581818181818182 0.606903163950144 0.48952641165757 0.0632911392405063 0.553323593864134
0.226442658875091 0.872446714031972 0.309090909090909 0.795781399808246 0.706739526411667 0.0632911392405063 0.226442658875091
0.394448502556611 0.548401420959148 0.480909090909091 0.596037072547138 0.81238615664847 0.0886075949367089 0.394448502556611
0.343629343629343 0.436358157827964 0.799090909090909 0.180728667305849 0.728597449908936 0.0632911392405063 0.343629343629343
0.102264426588751 0.552841918294848 0.448181818181818 0.301693831895173 0.450819672131147 0.0886075949367089 0.102264426588751
0.476625273922571 0.425219249555951 0.739090909090909 0.279801853627359 0.748633879781423 0.40506329113924 0.476625273922571
0.276844411979547 0.758103907637657 0.471818181818182 0.722435282837967 0.474499089253197 0.151898734177215 0.276844411979547
0.430971512052593 0.570714920071048 0.562727272727273 0.674496644295302 0.294171220400737 0.0379746835443038 0.430971512052593
0.657414170927685 0.265319715808171 0.708181818181818 0.380313199105144 0.818761384335164 0.0632911392405063 0.657414170927685
0.404187971755537 0.771536412078153 0.627272727272727 0.732023010546501 0.406648451730437 0.113924050632911 0.404187971755537
0.409057706355004 0.619449378330372 0.662727272727273 0.606903163950144 0.707650273224046 0.417721518987342 0.409057706355004
0.216703189676165 0.426287744227353 0.162727272727273 0.420421860019176 0.840619307832431 0.0379746835443038 0.216703189676165
0.284879474068663 0.527420071047958 0.681818181818182 0.277684563758389 0.701275045537352 0.417721518987342 0.284879474068663
0.321402483564646 0.644982238010657 0.718181818181818 0.448705656759348 0.480418943533717 0.0759493670886076 0.321402483564646
0.276844411979547 0.567051509769095 0.380909090909091 0.415627996164909 0.145719489981805 0.126582278481013 0.276844411979547
0.401753104455807 0.570714920071048 0.318181818181818 0.541706615532119 0.343806921675794 0.316455696202532 0.401753104455807
0.336011687363039 0.617007104795738 0.526363636363636 0.62176414189837 0.192167577413497 0.0506329113924051 0.336011687363039
0.235451667884098 0.573712255772647 0.327272727272727 0.613614573346117 0.415300546448088 0.0759493670886076 0.235451667884098
0.577063550036523 0.203263765541743 0.705151515151518 0.12464046021093 0.668488160291449 0.10126582278481 0.577063550036523
0.265157048940833 0.70936944937833 0.454545454545455 0.675934803451582 0.506375227686721 0.227848101265823 0.265157048940833
0.41563184806428 0.459591474245115 0.672727272727273 0.439703845744113 0.354735883424427 0.0886075949367089 0.41563184806428
0.175310445580716 0.508325932504442 0.545454545454546 0.37392138063279 0.320127504553744 0.0759493670886076 0.175310445580716
0.422936449963477 0.587366785079929 0.554545454545454 0.549856184084372 0.837887067395275 0.164556962025316 0.422936449963477
0.230825420014609 0.46414298401421 0.435454545454545 0.215883668903802 0.882969034608389 0.0759493670886076 0.230825420014609
0.610908205502798 0.356238898756661 0.838484848484845 0.49025247682966 0.605646630236805 0.518987341772152 0.610908205502798
0.226442658875091 0.50166518650089 0.5 0.38902205177373 0.595628415300548 0.113924050632911 0.226442658875091
0.273374726077429 0.422263543516874 0.480909090909091 0.12320230105465 0.867941712204016 0.0759493670886076 0.273374726077429
0.0577063550036522 0.52964031971581 0.540454545454546 0.288111217641419 0.316029143898007 0.10126582278481 0.0577063550036523
0.203798392987582 0.737233570159858 0.526363636363636 0.540268456375839 0.545537340619318 0.0379746835443038 0.203798392987582
0.654492330168006 0.43483570159858 0.869696969696973 0.527325023969319 0.598816029143909 0.645569620253165 0.654492330168006
0.226442658875091 0.368450266429842 0.418181818181818 0.273410035155 0.70081967213115 0.0506329113924051 0.226442658875091
0.620891161431702 0.32870781527531 0.799090909090909 0.400767018216683 0.620218579234974 0.0632911392405063 0.620891161431702
0.159970781592403 0.452930728241562 0.335454545454545 0.180728667305849 0.621129326047377 0.0632911392405063 0.159970781592403
0.467494521548576 0.252109236234458 0.733333333333336 0.138862256311923 0.825591985428061 0.126582278481013 0.467494521548576
0.456537618699781 0.573712255772647 0.909090909090909 0.446240241062867 0.543715846994538 0.0632911392405063 0.456537618699781
0.282201120038955 0.407193605683837 0.536363636363636 0.228667305848514 0.873406193078334 0.0632911392405063 0.282201120038955
0.346238130021914 0.415686056838367 0.571818181818182 0.268456375838926 0.597449908925328 0.113924050632911 0.346238130021914
0.153396639883126 0.632659857904086 0.426363636363636 0.439117929050815 0.708105646630248 0.0759493670886076 0.153396639883126
0.240321402483565 0.367229129662523 0.480909090909091 0.195110258868648 0.535974499089262 0.139240506329114 0.240321402483565
0.299488677867056 0.651531971580818 0.587878787878791 0.672738894215403 0.586520947176695 0.0506329113924051 0.299488677867056
0.365230094959825 0.208592362344585 0.617272727272727 0.11025886864813 0.839708561020055 0.0886075949367089 0.365230094959825
0.233016800584368 0.5729351687389 0.620606060606064 0.276605944391179 0.610200364298744 0.0886075949367089 0.233016800584368
0.445580715850986 0.278752220248668 0.536363636363636 0.267018216682646 0.856102003643006 0.126582278481013 0.445580715850986
0.522571219868517 0.83348134991119 0.935454545454545 0.755992329817833 0.316939890710383 0.0632911392405063 0.522571219868517
0.326272218164112 0.658192717584371 0.581818181818182 0.654841802492809 0.533697632058305 0.0632911392405063 0.326272218164112
0.1672753834916 0.56072380106572 0.327272727272727 0.444391179290508 0.32513661202186 0.0632911392405063 0.1672753834916
0.299488677867056 0.607015985790409 0.480909090909091 0.760306807286673 0.647540983606558 0.0632911392405063 0.299488677867056
0.130752373995617 0.523756660746004 0.406060606060609 0.39117929050815 0.992258652094728 0.0379746835443038 0.130752373995617
0.379108838568298 0.517095914742452 0.554545454545454 0.448945349952061 0.529143897996366 0.113924050632911 0.379108838568298
0.141222303384463 0.429618117229129 0.351212121212118 0.26222435282838 0.855191256830602 0.0632911392405063 0.141222303384463
0.233016800584368 0.64154085257549 0.426363636363636 0.501917545541707 0.522768670309672 0.0632911392405063 0.233016800584368
0.303871439006574 0.539409413854352 0.460606060606064 0.382070949185043 0.739071038251368 0.0886075949367089 0.303871439006574
0.221572924275625 0.605017761989343 0.406060606060609 0.420421860019176 0.110200364298743 0.10126582278481 0.221572924275624
0.372534696859021 0.507104795737123 0.281818181818182 0.62176414189837 0.492258652094726 0.0506329113924051 0.372534696859021
0.0577063550036522 0.551620781527533 0.335454545454545 0.276605944391179 0.454007285974508 0.0506329113924051 0.0577063550036523
0.245678110542973 0.417184724689166 0.327272727272727 0.322786832853945 0.58287795992716 0.0506329113924051 0.245678110542973
0.420501582663747 0.755883658969805 0.79 0.63614573346117 0.699453551912569 0.0632911392405063 0.420501582663747
0.306062819576333 0.673623445825933 0.548484848484845 0.612176414189837 0.438979963570138 0.0886075949367089 0.306062819576333
0.262965668371074 0.656971580817052 0.380909090909091 0.803930968360499 0.653460837887078 0.0379746835443038 0.262965668371074
0.175310445580716 0.69926731793961 0.281818181818182 0.760306807286673 0.851548269581067 0.0379746835443038 0.175310445580716
0.488677867056245 0.850133214920071 0.89 0.765580057526366 0.40072859744992 0.0506329113924051 0.488677867056245
0.102264426588751 0.48379218472469 0.102727272727273 0.421860019175455 0.795992714025519 0.0632911392405063 0.102264426588751
0.14609203798393 0.687277975133215 0.514545454545455 0.463087248322148 0.480418943533717 0.0506329113924051 0.14609203798393
0.109569028487947 0.427425621669628 0.327272727272727 0.245925215723874 0.818306010928962 0.0632911392405063 0.109569028487947
0.29218407596786 0.750222024866785 0.536363636363636 0.693672099712368 0.386156648451749 0.0759493670886076 0.29218407596786
0.349890430971512 0.690275310834814 0.644444444444445 0.533796740172579 0.285974499089263 0.126582278481013 0.349890430971512
0.248356464572681 0.72158081705151 0.409090909090909 0.663310961968682 0.496357012750466 0.0253164556962025 0.248356464572681
0.203798392987582 0.601576376554176 0.617272727272727 0.334132310642378 0.709016393442624 0.0379746835443038 0.203798392987582
0.0803506208911613 0.527420071047958 0.244545454545454 0.367209971236817 0.291438979963581 0.0506329113924051 0.0803506208911613
0.430971512052593 0.313476909413855 0.827272727272727 0.0877277085330778 0.702185792349728 0.0759493670886076 0.430971512052593
0.233016800584368 0.700266429840142 0.636363636363636 0.400767018216683 0.450819672131147 0.0632911392405063 0.233016800584368
0.196493791088386 0.696158969804619 0.445454545454545 0.516299137104506 0.142076502732242 0.164556962025316 0.196493791088386
0.401753104455807 0.793849911190053 0.772727272727273 0.650527325023969 0.698542805100193 0.0759493670886076 0.401753104455807
0.20647674701729 0.550399644760214 0.435454545454545 0.430009587727708 0.783697632058308 0.0759493670886076 0.20647674701729
0.221572924275625 0.278530195381885 0.493939393939391 0.178970917225949 0.892531876138444 0.0886075949367089 0.221572924275624
0.6765104873213 0.690465617863487 0.926363636363636 0.735721134091222 0.283242258652104 0.0506329113924051 0.6765104873213
0.185745591150993 0.644934661253488 0.344545454545455 0.686960690316395 0.38342440801459 0.0379746835443038 0.185745591150993
0.150961772583397 0.750222024866785 0.253636363636364 0.870565675934804 0.742258652094729 0.0379746835443038 0.150961772583397
0.1672753834916 0.670626110124334 0.127272727272727 0.827900287631831 0.591985428051013 0.0506329113924051 0.1672753834916
0.459459459459459 0.706927175843695 0.854545454545454 0.612176414189837 0.587887067395273 0.0632911392405063 0.459459459459459
0.297053810567326 0.670626110124334 0.587878787878791 0.677372962607862 0.542805100182159 0.0632911392405063 0.297053810567326
0.180180180180182 0.558281527531085 0.460606060606064 0.424736337488015 0.719034608378881 0.0506329113924051 0.180180180180182
0.323837350864375 0.693938721136768 0.445454545454545 0.813518696069032 0.807832422586531 0.0506329113924051 0.323837350864375
0.196493791088386 0.460812611012434 0.627272727272727 0.180728667305849 0.802367941712213 0.0632911392405063 0.196493791088386
0.196493791088386 0.580706039076377 0.354545454545454 0.469798657718121 0.374316939890711 0.0506329113924051 0.196493791088386
0.175310445580716 0.309613676731795 0.347878787878791 0.100351550015978 0.721311475409838 0.0506329113924051 0.175310445580716
0.262965668371074 0.455150976909414 0.463636363636364 0.335730265260465 0.620218579234974 0.10126582278481 0.262965668371074
0.104699293888481 0.546070159857905 0.509090909090909 0.247363374880154 0.387067395264128 0.0506329113924051 0.104699293888481
0.306062819576333 0.392984014209591 0.454242424242427 0.300575263662512 0.974043715846996 0.126582278481013 0.306062819576333
0.248356464572681 0.330928063943162 0.409090909090909 0.180728667305849 0.639344262295084 0.0632911392405063 0.248356464572681
0.182615047479912 0.590364120781528 0.435454545454545 0.453978906999041 0.206739526411668 0.0379746835443038 0.182615047479912
0.0869247626004381 0.504107460035525 0.093939393939391 0.444391179290508 0.725865209471777 0.0379746835443038 0.0869247626004381
0.255661066471877 0.584924511545295 0.493939393939391 0.447267497603068 0.344262295081968 0.0632911392405063 0.255661066471877
0.182615047479912 0.449489342806395 0.354545454545454 0.304889741131352 0.635701275045546 0.0379746835443038 0.182615047479912
1 0.257326820603908 0.909090909090909 0.48881431767338 0.493624772313307 0.0632911392405063 1
0.136109082055025 0.515097690941386 0.4 0.249121124960053 0.563752276867049 0.0632911392405063 0.136109082055025
0.394448502556611 0.308614564831262 0.571818181818182 0.295302013422819 0.859744990892542 0.556962025316456 0.394448502556611
0.0365230094959825 0.587366785079929 0.0454545454545454 0.543144774688399 0.784608378870684 0.0126582278481013 0.0365230094959825
0.262965668371074 0.693938721136768 0.608181818181818 0.514541387024607 0.291438979963581 0.0632911392405063 0.262965668371074
0.336011687363039 0.68483570159858 0.454545454545455 0.805369127516778 0.825136612021859 0.0506329113924051 0.336011687363039
0.133430728025325 0.594027531083482 0.318181818181818 0.516299137104506 0.505464480874317 0.0632911392405063 0.133430728025325
0.153396639883126 0.547402309058615 0.218181818181818 0.338926174496644 0.660291438979975 0.708860759493671 0.153396639883126
0.196493791088386 0.450488454706928 0.426363636363636 0.271332694151486 0.551912568306012 0.506329113924051 0.196493791088386
0.394448502556611 0.65104351687389 0.747575757575754 0.506711409395973 0.408925318761394 0.0506329113924051 0.394448502556611
0.274409544679817 0.414187388987567 0.536363636363636 0.223394055608821 0.873406193078334 0.0379746835443038 0.274409544679817
0.452154857560263 0.410857015985791 0.627272727272727 0.369319271332694 0.86520947176686 0.0253164556962025 0.452154857560263
0.35524713903092 0.505106571936057 0.344545454545455 0.630872483221477 0.366120218579237 0.0506329113924051 0.35524713903092
0.262965668371074 0.692717584369449 0.5 0.672898689677215 0.48542805100183 0.151898734177215 0.262965668371074
0.0825420014609203 0.50166518650089 0.181818181818182 0.404122722914669 0.788706739526421 0.0632911392405063 0.0825420014609203
0.262965668371074 0.697269094138544 0.608181818181818 0.512783636944712 0.292349726775957 0.0506329113924051 0.262965668371074
0.342585829072315 0.414187388987567 0.571818181818182 0.26046660274848 0.598360655737707 0.113924050632911 0.342585829072315
0.233016800584368 0.664853463587923 0.145454545454545 0.784276126558006 0.771402550091093 0.0886075949367089 0.233016800584368
0.203798392987582 0.400532859680285 0.435454545454545 0.310162991371045 0.591985428051013 0.0632911392405063 0.203798392987582
0.233016800584368 0.444160746003553 0.4012987012987 0.285440350636899 0.258652094717678 0.0506329113924051 0.233016800584368
0.262965668371074 0.704928952042629 0.536363636363636 0.452221156919142 0.524590163934427 0.0632911392405063 0.262965668371074
0.262965668371074 0.430839253996448 0.445454545454545 0.269894534995206 0.463570127504564 0.0126582278481013 0.262965668371074
0.413440467494522 0.862677619893429 0.772727272727273 0.765580057526366 0.513205828779617 0.0506329113924051 0.413440467494522
0.37472607742878 0.423845470692718 0.699090909090909 0.219079578139981 0.62887067395265 0.0632911392405063 0.37472607742878
0.123447772096421 0.544071936056839 0.272727272727273 0.37679769894535 0.638433515482705 0.0126582278481013 0.123447772096421
0.394448502556611 0.638321492007105 0.554545454545454 0.802173218280599 0.851548269581067 0.0126582278481013 0.394448502556611
0.440710981251519 0.569493783303729 0.568787878787882 0.642217961009909 0.432149362477242 0.10126582278481 0.440710981251519
0.226442658875091 0.583703374777976 0.39 0.477948226270374 0.418032786885248 0.0379746835443038 0.226442658875091
0.29218407596786 0.437500000000001 0.5 0.223394055608821 0.47222222222224 0.0886075949367089 0.29218407596786
0.737764791818846 0.642517761989343 0.948051948051945 0.709286399123408 0.277322404371587 0.0632911392405063 0.737764791818846
0.248356464572681 0.616230017761991 0.509090909090909 0.12607861936721 0.894353369763224 0.113924050632911 0.248356464572681
0.41563184806428 0.753885435168739 0.79 0.63614573346117 0.698998178506394 0.0506329113924051 0.41563184806428
0.306062819576333 0.597357904085258 0.736363636363636 0.365771812080537 0.728142076502734 0.0632911392405063 0.306062819576333
0.0365230094959825 0.533747779751333 0.3869696969697 0.231543624161074 0.953551912568308 0.0506329113924051 0.0365230094959825
0.367056245434624 0.62366785079929 0.699090909090909 0.382070949185043 0.472677595628417 0.10126582278481 0.367056245434624
0.163837923774332 0.660634991119006 0.318181818181818 0.705417066155321 0.47222222222224 0.0379746835443038 0.163837923774332
0.43827611395179 0.500444049733571 0.299090909090909 0.654841802492809 0.451730418943551 0.0506329113924051 0.43827611395179
0.242999756513272 0.341807282415632 0.509090909090909 0.195110258868648 0.844262295081969 0.0506329113924051 0.242999756513272
0.386413440467495 0.304285079928953 0.617272727272727 0.142377756471716 0.858834244080166 0.0379746835443038 0.386413440467494
0.123447772096421 0.487455595026644 0.253636363636364 0.368967721316716 0.592896174863389 0.0506329113924051 0.123447772096421
0.187484782079379 0.682615452930729 0.445454545454545 0.517737296260786 0.605646630236805 0.468354430379747 0.187484782079379
0.182615047479912 0.655972468916519 0.520303030303027 0.390060722275489 0.621129326047377 0.0632911392405063 0.182615047479912
0.365230094959825 0.519538188277086 0.545454545454546 0.472674976030681 0.540072859744999 0.139240506329114 0.365230094959825
0.511322132943755 0.575710479573713 0.770454545454545 0.602229146692234 0.406193078324235 0.151898734177215 0.511322132943755
0.409057706355004 0.460313055062167 0.733333333333336 0.271332694151486 0.725865209471777 0.0506329113924051 0.409057706355004
0.464776640452316 0.625255184424811 0.757886658795745 0.510571403668241 0.62704918032787 0.0506329113924051 0.464776640452316
0.240321402483565 0.328596802841919 0.445454545454545 0.12320230105465 0.475409836065576 0.10126582278481 0.240321402483565
0.357925493060628 0.643983126110125 0.590909090909091 0.621284755512943 0.540072859744999 0.0632911392405063 0.357925493060628
0.23106890674458 0.595026642984015 0.435454545454545 0.472674976030681 0.725865209471777 0.0632911392405063 0.23106890674458
0.284879474068663 0.63066163410302 0.145454545454545 0.803930968360499 0.746812386156668 0.0759493670886076 0.284879474068663
0.128317506695888 0.524977797513323 0.5330303030303 0.223394055608821 0.362477231329699 0.164556962025316 0.128317506695888
0.680350620891161 0.341318827708704 0.812121212121209 0.420421860019176 0.654826958105656 0.0506329113924051 0.680350620891161
0.123447772096421 0.530750444049734 0.511818181818182 0.254074784276126 0.392531876138443 0.0632911392405063 0.123447772096421
0.420501582663747 0.427508880994672 0.723376623376627 0.269483632379128 0.706284153005465 0.392405063291139 0.420501582663747
0.267348429510592 0.558392539964476 0.480909090909091 0.195110258868648 0.4025500910747 0.0759493670886076 0.267348429510592
0.226442658875091 0.438499111900533 0.517272727272727 0.214285714285714 0.873406193078334 0.0632911392405063 0.226442658875091
0.262965668371074 0.54285079928952 0.490909090909091 0.406040268456376 0.704007285974508 0.0379746835443038 0.262965668371074
0.401753104455807 0.612899644760215 0.809090909090909 0.48274209012464 0.652094717668497 0.0759493670886076 0.401753104455807
0.0803506208911613 0.517095914742452 0.0818181818181818 0.45717481623522 0.723132969034618 0.0253164556962025 0.0803506208911613
0.159970781592403 0.597357904085258 0.341515151515155 0.527325023969319 0.428051001821505 0.0506329113924051 0.159970781592403
0.365230094959825 0.550399644760214 0.477878787878791 0.604026845637584 0.373861566484537 0.0506329113924051 0.365230094959825
0.189919649379109 0.634880106571937 0.509090909090909 0.439117929050815 0.544626593806942 0.0506329113924051 0.189919649379109
0.39688336985634 0.467140319715809 0.552272727272727 0.557885906040269 0.832422586520957 0.0253164556962025 0.39688336985634
0.357925493060628 0.738232682060391 0.471818181818182 0.803930968360499 0.608378870673961 0.0632911392405063 0.357925493060628
0.248356464572681 0.730572824156306 0.633333333333336 0.543144774688399 0.376138433515491 0.10126582278481 0.248356464572681
0.475633935093397 0.770013955848769 0.832727272727273 0.655321188878236 0.600182149362487 0.0886075949367089 0.475633935093397
0.394448502556611 0.510768206039077 0.5 0.407638223074463 0.438979963570138 0.126582278481013 0.394448502556611
0.545410275140007 0.321936056838367 0.727272727272727 0.348513902205178 0.829690346083798 0.0632911392405063 0.545410275140007
0.482103725346968 0.577375666074601 0.915584415584418 0.469593206410081 0.528688524590164 0.0759493670886076 0.482103725346968
0.203798392987582 0.537411190053287 0.536363636363636 0.338926174496644 0.668488160291449 0.0506329113924051 0.203798392987582
0.328707085463842 0.659413854351687 0.571818181818182 0.626558005752637 0.531876138433525 0.0759493670886076 0.328707085463842
0.620891161431702 0.45193161634103 0.935454545454545 0.506711409395973 0.443533697632077 0.139240506329114 0.620891161431702
0.342585829072315 0.465454318383659 0.458754208754209 0.52531870317105 0.572859744990902 0.569620253164557 0.342585829072315
0.102264426588751 0.370892539964477 0.315151515151518 0.183604985618408 0.739526411657569 0.0253164556962025 0.102264426588751
0.0365230094959825 0.615119893428063 0.3869696969697 0.2590284435922 0.285974499089263 0.10126582278481 0.0365230094959825
0.130752373995617 0.433836589698047 0.344545454545455 0.26222435282838 0.846083788706749 0.0506329113924051 0.130752373995617
0.532505478451424 0.813832149200711 0.909090909090909 0.773455691001232 0.417122040072868 0.0632911392405063 0.532505478451424
0.555149744338933 0.51176731793961 0.749090909090909 0.530680728667306 0.466302367941723 0.0506329113924051 0.555149744338933
0.219138056975895 0.701487566607461 0.636363636363636 0.406040268456376 0.445355191256832 0.0506329113924051 0.219138056975895
0.422936449963477 0.392984014209591 0.708181818181818 0.235091083413231 0.701275045537352 0.0632911392405063 0.422936449963477
0.248356464572681 0.624888987566609 0.590909090909091 0.501917545541707 0.440801457194918 0.0632911392405063 0.248356464572681
0.0942293644996347 0.523756660746004 0.448484848484845 0.349952061361457 0.372040072859754 0.0506329113924051 0.0942293644996347
0.226442658875091 0.705428507992895 0.380909090909091 0.832214765100671 0.189435336976341 0.0253164556962025 0.226442658875091
0.835354273192111 0.587166962699823 0.924025974025972 0.764073414600738 0.357012750455384 0.227848101265823 0.835354273192111
0.248356464572681 0.2976243339254 0.6 0.0848513902205177 0.826958105646639 0.392405063291139 0.248356464572681
0.452154857560263 0.779085257548847 0.6 0.803771172898691 0.407559198542816 0.40506329113924 0.452154857560263
0.372534696859021 0.66174511545293 0.653636363636363 0.534515819750719 0.298724954462679 0.126582278481013 0.372534696859021
0.240321402483565 0.671625222024867 0.363636363636364 0.798657718120806 0.797814207650274 0.468354430379747 0.240321402483565
0.525200876552228 0.858259325044405 0.918181818181818 0.779961649089166 0.326502732240438 0.0506329113924051 0.525200876552228
0.182615047479912 0.373140541740676 0.309090909090909 0.250878875039947 0.613387978142077 0.10126582278481 0.182615047479912
0.370099829559291 0.577375666074601 0.480909090909091 0.645733461169703 0.250455373406204 0.0379746835443038 0.370099829559291
0.26953981008035 0.421625222024866 0.454545454545455 0.26222435282838 0.920765027322405 0.20253164556962 0.26953981008035
0.321402483564646 0.626110124333925 0.480909090909091 0.678811121764142 0.748633879781423 0.0759493670886076 0.321402483564646
0.102264426588751 0.492895204262877 0.108181818181818 0.434803451581975 0.755919854280521 0.0126582278481013 0.102264426588751
0.321402483564646 0.703929840142096 0.6 0.741610738255034 0.605646630236805 0.113924050632911 0.321402483564646
0.134769905040175 0.706927175843695 0.471818181818182 0.424736337488015 0.479963570127515 0.0506329113924051 0.134769905040175
0.379108838568298 0.633658969804619 0.517272727272727 0.439117929050815 0.557832422586532 0.126582278481013 0.379108838568298
0.409057706355004 0.647313499111901 0.753636363636364 0.511025886864813 0.406193078324235 0.0506329113924051 0.409057706355004
0.26953981008035 0.783525754884547 0.526363636363636 0.698465963566635 0.419854280510027 0.658227848101266 0.26953981008035
0.336011687363039 0.677286856127887 0.693636363636364 0.571907957813998 0.472677595628417 0.0506329113924051 0.336011687363039
0.0292184075967859 0.49522646536412 0.363636363636364 0.158197507190796 0.955373406193088 0.468354430379747 0.0292184075967859
0.336011687363039 0.682615452930729 0.493939393939391 0.707734100351548 0.422586520947187 0.164556962025316 0.336011687363039
0.226442658875091 0.696158969804619 0.354545454545454 0.822627037392138 0.742258652094729 0.0253164556962025 0.226442658875091
0.819471981634142 0.554063055062167 0.994805194805191 0.71462813313245 0.385701275045547 0.0506329113924051 0.819471981634142
0.255661066471877 0.666962699822381 0.426363636363636 0.544582933844679 0.417122040072868 0.0506329113924051 0.255661066471877
0.177745312880445 0.639320603907638 0.0454545454545454 0.923777564717162 0.991803278688526 0.126582278481013 0.177745312880445
0.29218407596786 0.58170515097691 0.554545454545454 0.445829338446788 0.45264116575593 0.10126582278481 0.29218407596786
0.29218407596786 0.566052397868562 0.678787878787882 0.38974113135187 0.625227686703115 0.0506329113924051 0.29218407596786
0.276844411979547 0.554063055062167 0.372727272727273 0.557526366251199 0.244990892531886 0.126582278481013 0.276844411979547
0.130752373995617 0.669404973357015 0.218181818181818 0.691035474592522 0.856102003643006 0.0379746835443038 0.130752373995617
0.321402483564646 0.456150088809947 0.418181818181818 0.219079578139981 0.750455373406203 0.126582278481013 0.321402483564646
0.540540540540541 0.283969804618118 0.718181818181818 0.237200383509108 0.752276867030983 0.0759493670886076 0.54054054054054
0.559532505478452 0.383103907637657 0.708181818181818 0.351102588686481 0.76047358834246 0.0506329113924051 0.559532505478452
0.459459459459459 0.502886323268205 0.517272727272727 0.615052732502397 0.696721311475409 0.151898734177215 0.459459459459459
0.318054541027516 0.608736678507994 0.587878787878791 0.36129753914989 0.840619307832431 0.10126582278481 0.318054541027516
0.211833455076698 0.523756660746004 0.451515151515154 0.265420262064559 0.772313296903469 0.0506329113924051 0.211833455076698
0.233016800584368 0.545182060390763 0.617272727272727 0.37679769894535 0.624772313296913 0.962025316455696 0.233016800584368
0.159970781592403 0.581594138543518 0.411818181818182 0.38974113135187 0.620218579234974 0.113924050632911 0.159970781592403
0.306062819576333 0.316496447602133 0.509090909090909 0.228667305848514 0.606329690346094 0.0632911392405063 0.306062819576333
0.175310445580716 0.507104795737123 0.344545454545455 0.463087248322148 0.155737704918034 0.0632911392405063 0.175310445580716
0.445580715850986 0.661634103019539 0.426363636363636 1 0.53551912568306 0.240506329113924 0.445580715850986
0.255661066471877 0.327597690941386 0.509090909090909 0.232981783317354 0.912568306010931 0.367088607594937 0.255661066471877
0.20647674701729 0.671625222024867 0.387272727272727 0.76366251198466 0.24408014571951 0.556962025316456 0.20647674701729
0.336011687363039 0.60401865008881 0.744545454545454 0.430009587727708 0.63296903460839 0.0759493670886076 0.336011687363039
0.0292184075967859 0.614009769094139 0.0363636363636364 0.58469159475871 0.835154826958116 0.0379746835443038 0.0292184075967859
0.409057706355004 0.637322380106572 0.471818181818182 0.597794822627037 0.373406193078335 0.113924050632911 0.409057706355004
0.370099829559291 0.511878330373001 0.545454545454546 0.506711409395973 0.471766848816038 0.113924050632911 0.370099829559291
0.0577063550036522 0.448490230905862 0.153636363636364 0.334132310642378 0.812841530054644 0.0632911392405063 0.0577063550036523
0.467494521548576 0.533747779751333 0.854545454545454 0.338926174496644 0.500000000000002 0.0379746835443038 0.467494521548576
0.476886152561826 0.27607206292819 0.750606060606064 0.193512304250561 0.7176684881603 0.139240506329114 0.476886152561826
0.49866082298515 0.499444937833038 0.83 0.378555449025249 0.484517304189454 0.0506329113924051 0.49866082298515
0.189919649379109 0.520759325044406 0.344545454545455 0.506711409395973 0.635701275045546 0.10126582278481 0.189919649379109
0.219138056975895 0.577375666074601 0.344545454545455 0.568552253116012 0 0.0632911392405063 0.219138056975895
0.245678110542973 0.639320603907638 0.136363636363636 0.808245445829338 0.712204007285985 0.0379746835443038 0.245678110542973
0.14609203798393 0.400532859680285 0.335454545454545 0.195110258868648 0.573770491803278 0.0632911392405063 0.14609203798393
0.445580715850986 0.490452930728242 0.584848484848482 0.487056567593481 0.255464480874317 0.430379746835443 0.445580715850986
0.540540540540541 0.494021187515861 0.750606060606064 0.45717481623522 0.410291438979972 0.126582278481013 0.54054054054054
0.226442658875091 0.319493783303732 0.490909090909091 0.175455417066156 0.892531876138444 0.0759493670886076 0.226442658875091
0.235451667884098 0.680617229129663 0.536363636363636 0.568552253116012 0.540983606557379 0.0759493670886076 0.235451667884098
0.527635743851958 0.447491119005329 0.876818181818182 0.318192713326942 0.487249544626613 0.0632911392405063 0.527635743851958
0.301680058436815 0.559502664298401 0.253636363636364 0.714125918823907 0.573770491803278 0.0759493670886076 0.301680058436815
0.31336742147553 0.423845470692718 0.645454545454545 0.175455417066156 0.827413479052841 0.164556962025316 0.31336742147553
0.342585829072315 0.537411190053287 0.526363636363636 0.439117929050815 0.290072859745 0.0886075949367089 0.342585829072315
0.372534696859021 0.530750444049734 0.581818181818182 0.445509747523169 0.473588342440821 0.113924050632911 0.372534696859021
0.260530801071344 0.377553285968029 0.445454545454545 0.245925215723874 0.945355191256831 0.0632911392405063 0.260530801071344
0.274409544679817 0.337588809946715 0.5 0.221955896452541 0.520947176684892 0.113924050632911 0.274409544679817
0.409057706355004 0.504107460035525 0.29 0.643975711089804 0.469489981785084 0.0506329113924051 0.409057706355004
0.342585829072315 0.50166518650089 0.672727272727273 0.280304067935901 0.624772313296913 0.0506329113924051 0.342585829072315
0.367664962259554 0.468583481349911 0.445454545454545 0.430009587727708 0.601548269581065 0.0632911392405063 0.367664962259554
0.540540540540541 0.433836589698047 0.879090909090909 0.317593480345158 0.482695810564674 0.0632911392405063 0.54054054054054
0.589237886535186 0.695048845470692 0.781818181818182 0.7464046021093 0.620673952641176 0.0379746835443038 0.589237886535186
0.431783134485836 0.50035153937241 0.517272727272727 0.525727069351232 0.845173041894373 0.354430379746835 0.431783134485836
0.301680058436815 0.504107460035525 0.554545454545454 0.367209971236817 0.523224043715849 0.139240506329114 0.301680058436815
0.109569028487947 0.436278863232681 0.236363636363636 0.245925215723874 0.568306010928963 0.0506329113924051 0.109569028487947
0.742147552958364 0.368450266429842 0.957575757575755 0.460210930009588 0.500910746812406 0.10126582278481 0.742147552958364
0.557341124908692 0.396203374777976 0.471818181818182 0.346756152125278 0.873406193078334 0.0379746835443038 0.557341124908693
0.233016800584368 0.515097690941386 0.454545454545455 0.256951102588686 0.780054644808745 0.0506329113924051 0.233016800584368
0.486729973216457 0.570714920071048 0.772727272727273 0.586449344838605 0.696721311475409 0.215189873417722 0.486729973216457
0.138787436084733 0.537411190053287 0.471818181818182 0.232981783317354 0.839708561020055 0.10126582278481 0.138787436084733
0.1672753834916 0.39420515097691 0.354545454545454 0.193512304250561 0.556466302367951 0.0379746835443038 0.1672753834916
0.233016800584368 0.465142095914743 0.445151515151518 0.303451581975072 0.775045537340628 0.113924050632911 0.233016800584368
0.897735573411249 0.252664298401422 0.912121212121209 0.410834132310642 0.489071038251368 0.0632911392405063 0.897735573411249
0.0577063550036522 0.559502664298401 0.0636363636363637 0.505113454777886 0.73497267759563 0.0253164556962025 0.0577063550036523
0.262965668371074 0.618117229129662 0.5 0.461649089165868 0.55327868852459 0.126582278481013 0.262965668371074
0.255661066471877 0.426287744227353 0.463636363636364 0.321029082774051 0.596539162112952 0.0886075949367089 0.255661066471877
0.0779157535914316 0.740230905861457 0.445454545454545 0.328859060402685 0.836976320582896 0.126582278481013 0.0779157535914316
0.379108838568298 0.526198934280639 0.536363636363636 0.439117929050815 0.277777777777789 0.113924050632911 0.379108838568298
0.28974920866813 0.540408525754885 0.344545454545455 0.610099073186323 0.391165755919865 0.253164556962025 0.28974920866813
0.258095933771607 0.671514209591476 0.645454545454545 0.455576861617129 0.454007285974508 0.0886075949367089 0.258095933771607
0.130752373995617 0.413077264653643 0.435454545454545 0.147171620325983 0.589556769884645 0.0632911392405063 0.130752373995617
0.657414170927685 0.628631692463841 0.8174064171123 0.771783881337771 0.558287795992734 0.265822784810127 0.657414170927685
0.284879474068663 0.414187388987567 0.574675324675327 0.234488426242982 0.406193078324235 0.0506329113924051 0.284879474068663
0.189919649379109 0.497446714031972 0.5 0.332374560562478 0.586520947176695 0.0126582278481013 0.189919649379109
0.328707085463842 0.530750444049734 0.332727272727273 0.554650047938639 0.144808743169401 0.0759493670886076 0.328707085463842
0.555149744338933 0.494116341030196 0.545454545454546 0.643975711089804 0.503642987249565 0.0632911392405063 0.555149744338933
0.248356464572681 0.29185168738899 0.480909090909091 0.0891658676893576 0.605646630236805 0.10126582278481 0.248356464572681
0.0869247626004381 0.524977797513323 0.412121212121209 0.352828379674017 0.369763205828797 0.0506329113924051 0.0869247626004381
0.379108838568298 0.62366785079929 0.787272727272727 0.468360498561841 0.642531876138442 0.0506329113924051 0.379108838568298
0.226442658875091 0.546292184724691 0.435454545454545 0.428251837647809 0.77367941712205 0.0759493670886076 0.226442658875091
0.159970781592403 0.606016873889876 0.435454545454545 0.453978906999041 0.6848816029144 0.0632911392405063 0.159970781592403
0.68663257852447 0.786998858157828 0.980909090909091 0.870291740857416 0.332422586520958 0.126582278481013 0.68663257852447
0.347455563671782 0.522979573712257 0.581818181818182 0.400767018216683 0.604735883424426 0.0506329113924051 0.347455563671782
0.362795227660095 0.576154529307282 0.372727272727273 0.739852988175134 0.337431693989071 0.151898734177215 0.362795227660095
0.28974920866813 0.54285079928952 0.554545454545454 0.420421860019176 0.391621129326067 0.0886075949367089 0.28974920866813
0.308497686876063 0.52964031971581 0.471818181818182 0.392937040588049 0.748633879781423 0.139240506329114 0.308497686876063
0.477233990747502 0.600577264653643 0.372727272727273 0.710930009587728 0.253642987249562 0.10126582278481 0.477233990747502
0.657414170927685 0.645473864501396 0.807540106951873 0.797163160566241 0.571948998178526 0.329113924050633 0.657414170927685
0.102264426588751 0.549622557726467 0.480909090909091 0.292425695110259 0.45264116575593 0.0506329113924051 0.102264426588751
0.196493791088386 0.693772202486679 0.312121212121209 0.794343240651965 0.709471766848826 0.759493670886076 0.196493791088386
0.192111029948868 0.567051509769095 0.575151515151518 0.361137743688078 0.622495446265956 0.10126582278481 0.192111029948868
0.265157048940833 0.746003552397868 0.557272727272727 0.479546180888461 0.607012750455383 0.10126582278481 0.265157048940833
0.262965668371074 0.508020648312612 0.39 0.436241610738255 0.178506375227704 0.126582278481013 0.262965668371074
0.116873630387144 0.432837477797514 0.29 0.306967082134866 0.713570127504563 0.0506329113924051 0.116873630387144
0.0577063550036522 0.523756660746004 0.324242424242427 0.241450942793226 0.277777777777789 0.0632911392405063 0.0577063550036523
0.342585829072315 0.387433392539966 0.536363636363636 0.207893895813361 0.928051001821503 0.291139240506329 0.342585829072315
0.182615047479912 0.491674067495561 0.612077922077918 0.133885769072728 0.679417122040082 0.0379746835443038 0.182615047479912
0.628656413901117 0.692229529707328 0.817854217854218 0.792991457420988 0.520947176684892 0.113924050632911 0.628656413901118
0.774287801314828 0.350577264653642 0.912121212121209 0.47443272611058 0.510018214936259 0.0632911392405063 0.774287801314828
0.372534696859021 0.609458259325044 0.463636363636364 0.517417705337167 0.472677595628417 0.0886075949367089 0.372534696859021
0.338203067932798 0.492895204262877 0.672727272727273 0.282238734419943 0.57832422586522 0.582278481012658 0.338203067932798
0.196493791088386 0.580706039076377 0.33 0.558964525407479 0.0168488160291534 0.0506329113924051 0.196493791088386
0.447772096420745 0.64154085257549 0.584848484848482 0.704857782038988 0.43351548269582 0.329113924050633 0.447772096420745
0.255661066471877 0.476132326820604 0.363636363636364 0.439117929050815 0.247723132969045 0.848101265822785 0.255661066471877
0.14609203798393 0.544071936056839 0.4969696969697 0.279482262703739 0.832422586520957 0.0886075949367089 0.14609203798393
0.425614803993185 0.530750444049734 0.581818181818182 0.626558005752637 0.396174863387978 0.139240506329114 0.425614803993185
0.182615047479912 0.423845470692718 0.29 0.338926174496644 0.668488160291449 0.0506329113924051 0.182615047479912
0.233016800584368 0.354240674955596 0.393333333333336 0.206136145733461 0.635701275045546 0.0253164556962025 0.233016800584368
0.41563184806428 0.640319715808171 0.454545454545455 0.870565675934804 0.734061930783251 0.0506329113924051 0.41563184806428
0.255661066471877 0.660634991119006 0.426363636363636 0.548098434004473 0.411657559198553 0.0506329113924051 0.255661066471877
0.372534696859021 0.541629662522204 0.56 0.567114093959731 0.529143897996366 0.113924050632911 0.372534696859021
0.1672753834916 0.514098579040853 0.409090909090909 0.232981783317354 0.785063752276886 0.506329113924051 0.1672753834916
0.467494521548576 0.544071936056839 0.818181818181818 0.39117929050815 0.482695810564674 0.0506329113924051 0.467494521548576
0.196493791088386 0.703929840142096 0.5 0.453978906999041 0.511384335154837 0.0379746835443038 0.196493791088386
0.491112734355975 0.706927175843695 0.835454545454545 0.732023010546501 0.690801457194917 0.0759493670886076 0.491112734355975
0.493547601655712 0.470803730017763 0.736363636363636 0.450463406839248 0.479963570127515 0.0506329113924051 0.493547601655712
0.219138056975895 0.494116341030196 0.3869696969697 0.48274209012464 0.185792349726778 0.0253164556962025 0.219138056975895
0.109569028487947 0.664964476021315 0.199090909090909 0.678811121764142 0.840619307832431 0.0379746835443038 0.109569028487947
0.109569028487947 0.759325044404973 0.5 0.300575263662512 0.826958105646639 0.0632911392405063 0.109569028487947
0.837594351107867 0.260657193605685 0.909090909090909 0.38686481303931 0.484061930783252 0.0632911392405063 0.837594351107867
0.130752373995617 0.706927175843695 0.471818181818182 0.423298178331735 0.47632058287798 0.0632911392405063 0.130752373995617
0.737764791818846 0.633059502664299 0.955844155844154 0.699698671414875 0.27504553734063 0.0632911392405063 0.737764791818846
0.521127409366998 0.993005216584258 0.782637182637182 0.967185785977732 0.456284153005465 0.506329113924051 0.521127409366998
0.26953981008035 0.354240674955596 0.480909090909091 0.167945030361136 0.471311475409836 0.0632911392405063 0.26953981008035
0.304114925736545 0.631660746003553 0.630303030303027 0.493767976989453 0.493624772313307 0.0759493670886076 0.304114925736545
0.258095933771607 0.410857015985791 0.335454545454545 0.324544582933845 0.583788706739536 0.0506329113924051 0.258095933771607
0.538632131035347 0.944041732674061 0.788370188370191 0.938828569701055 0.441712204007297 0.139240506329114 0.538632131035347
0.43827611395179 0.6726243339254 0.565757575757573 0.753914988814319 0.657559198542815 0.139240506329114 0.43827611395179
0.26953981008035 0.437500000000001 0.477878787878791 0.354586129753917 0.607468123861585 0.0886075949367089 0.26953981008035
0.240321402483565 0.525588365896981 0.624242424242427 0.439117929050815 0.944444444444455 0.0632911392405063 0.240321402483565
0.224007791575361 0.66174511545293 0.562727272727273 0.487056567593481 0.481785063752295 0.0506329113924051 0.224007791575361
0.430971512052593 0.501887211367672 0.639393939393936 0.453978906999041 0.455373406193089 0.139240506329114 0.430971512052593
0.233016800584368 0.440497335701599 0.645454545454545 0.175455417066156 0.81238615664847 0.0506329113924051 0.233016800584368
0.340394448502557 0.614009769094139 0.471818181818182 0.630872483221477 0.481785063752295 0.126582278481013 0.340394448502557
0.349890430971512 0.669404973357015 0.480909090909091 0.794343240651965 0.835154826958116 0.0506329113924051 0.349890430971512
0.401753104455807 0.566052397868562 0.603506493506491 0.530680728667306 0.326047358834264 0.0759493670886076 0.401753104455807
0.352812271731191 0.585146536412077 0.545454545454546 0.48274209012464 0.175774134790548 0.113924050632911 0.352812271731191
0.321402483564646 0.660634991119006 0.708181818181818 0.516299137104506 0.422586520947187 0.0632911392405063 0.321402483564646
0.175310445580716 0.580706039076377 0.318181818181818 0.554650047938639 0.0336976320583068 0.0632911392405063 0.175310445580716
0.26953981008035 0.48304285079929 0.678787878787882 0.359699584531798 0.594717668488169 0.0632911392405063 0.26953981008035
0.198319941563185 0.494116341030196 0.509090909090909 0.324544582933845 0.586520947176695 0.0379746835443038 0.198319941563185
0.449525200876552 0.464809058614565 0.878571428571427 0.320367073003696 0.584699453551915 0.392405063291139 0.449525200876552
0.379108838568298 0.569271758436947 0.554545454545454 0.605465004793864 0.524134790528253 0.113924050632911 0.379108838568298
0.130752373995617 0.433836589698047 0.344545454545455 0.258708852668586 0.844262295081969 0.0632911392405063 0.130752373995617
0.0657414170927683 0.516096802841919 0.33 0.338926174496644 0.357012750455384 0.0506329113924051 0.0657414170927683
0.321402483564646 0.663965364120782 0.335454545454545 0.712368168744008 0.292805100182159 0.0253164556962025 0.321402483564646
0.153396639883126 0.68483570159858 0.127272727272727 0.843720038350911 0.562841530054645 0.0126582278481013 0.153396639883126
0.422936449963477 0.509547069271758 0.506060606060609 0.682326621923936 0.749089253187625 0.0506329113924051 0.422936449963477
0.0504017531044556 0.447491119005329 0.153636363636364 0.356343879833811 0.725865209471777 0.0759493670886076 0.0504017531044556
0.474799123447772 0.408858792184725 0.7569696969697 0.210770214125921 0.7176684881603 0.126582278481013 0.474799123447772
0.642074506939372 0.777198046181172 0.963636363636363 0.812012053143404 0.316029143898007 0.0886075949367089 0.642074506939372
0.306062819576333 0.354240674955596 0.511818181818182 0.258708852668586 0.513661202185794 0.0759493670886076 0.306062819576333
0.102264426588751 0.564054174067496 0.463636363636364 0.209012464046021 0.802367941712213 0.0379746835443038 0.102264426588751
0.276844411979547 0.446380994671405 0.627272727272727 0.232981783317354 0.768670309653934 0.240506329113924 0.276844411979547
0.383978573167765 0.653974245115453 0.39 0.776446148929372 0.314663023679426 0.126582278481013 0.383978573167765
0.31336742147553 0.467140319715809 0.432424242424246 0.370725471396611 0.247723132969045 0.784810126582278 0.31336742147553
0.321402483564646 0.516096802841919 0.662727272727273 0.273441994247363 0.62704918032787 0.0632911392405063 0.321402483564646
0.365230094959825 0.204373889875667 0.617272727272727 0.11313518696069 0.84153005464481 0.0759493670886076 0.365230094959825
0.605551497443389 0.486012433392542 0.935454545454545 0.510354745925216 0.457194899817869 0.0632911392405063 0.605551497443389
0.306062819576333 0.58170515097691 0.684848484848482 0.400767018216683 0.685792349726776 0.0886075949367089 0.306062819576333
0.175310445580716 0.579595914742453 0.418181818181818 0.348513902205178 0.737704918032786 0.0632911392405063 0.175310445580716
0.0779157535914316 0.687277975133215 0.153636363636364 0.726749760306807 0.79143897996358 0.0379746835443038 0.0779157535914316
0.070611151692235 0.520537300177619 0.199090909090909 0.437679769894535 0.679417122040082 0.0506329113924051 0.070611151692235
0.299488677867056 0.496336589698048 0.426363636363636 0.424736337488015 0.610200364298744 0.0379746835443038 0.299488677867056
0.3109325541758 0.610679396092363 0.490909090909091 0.760306807286673 0.644808743169399 0.0632911392405063 0.3109325541758
0.153396639883126 0.703929840142096 0.480909090909091 0.431607542345796 0.489981785063772 0.0506329113924051 0.153396639883126
0.282201120038955 0.723801065719362 0.562727272727273 0.520613614573346 0.471766848816038 0.151898734177215 0.282201120038955
0.433406379352323 0.455150976909414 0.6 0.520613614573346 0.836520947176694 0.10126582278481 0.433406379352323
0.1672753834916 0.670626110124334 0.2569696969697 0.717641418983701 0.866120218579236 0.0379746835443038 0.1672753834916
0.180180180180182 0.399533747779752 0.432727272727273 0.306967082134866 0.588342440801475 0.240506329113924 0.180180180180182
0.258095933771607 0.621669626998224 0.236363636363636 0.846596356663471 0.866120218579236 0.0506329113924051 0.258095933771607
0.325576541792761 0.440497335701599 0.438311688311691 0.281673743322833 0.388888888888908 0.0379746835443038 0.325576541792761
0.185049914779642 0.561833925399644 0.463636363636364 0.424736337488015 0.719489981785083 0.0632911392405063 0.185049914779642
0.0730460189919649 0.520759325044406 0.335454545454545 0.338926174496644 0.358834244080164 0.0379746835443038 0.0730460189919649
0.162405648892133 0.702708703374777 0.145454545454545 0.773250239693193 0.769581056466313 0.0506329113924051 0.162405648892133
0.159970781592403 0.598357015985791 0.335454545454545 0.522371364653246 0.436247723132979 0.0759493670886076 0.159970781592403
0.535183832481132 0.531749555950267 0.590909090909091 0.650527325023969 0.262750455373416 0.0759493670886076 0.535183832481132
0.41806671536401 0.734791296625223 0.763636363636364 0.64046021093001 0.697632058287813 0.0632911392405063 0.41806671536401
0.180180180180182 0.333148312611014 0.332727272727273 0.174017257909875 0.788706739526421 0.481012658227848 0.180180180180182
0.442902361821278 0.698268206039077 0.631168831168827 0.455348582385973 0.575136612021859 0.113924050632911 0.442902361821278
0.64475286096908 0 0.690909090909091 0 0.744990892531885 0.0126582278481013 0.64475286096908
0.138787436084733 0.594027531083482 0.321212121212118 0.520613614573346 0.490437158469946 0.0632911392405063 0.138787436084733
0.386413440467495 0.392635117990357 0.809090909090909 0.138862256311923 0.719489981785083 0.0506329113924051 0.386413440467494
0.657414170927685 0.770965490992133 0.971818181818182 0.822627037392138 0.320127504553744 0.139240506329114 0.657414170927685
0.306062819576333 0.336367673179396 0.545454545454546 0.172419303291788 0.811475409836066 0.151898734177215 0.306062819576333
0.299488677867056 0.318494671403199 0.509090909090909 0.214285714285714 0.60928961748634 0.0506329113924051 0.299488677867056
0.262965668371074 0.701487566607461 0.509090909090909 0.684084372003835 0.48542805100183 0.0253164556962025 0.262965668371074
0.255661066471877 0.824711367673181 0.562727272727273 0.684084372003835 0.413023679417131 0.873417721518987 0.255661066471877
0.138787436084733 0.504107460035525 0.335454545454545 0.420421860019176 0.608378870673961 0.0506329113924051 0.138787436084733
0.14852690528366 0.580706039076377 0.299090909090909 0.600990731863217 0.508196721311476 0.0379746835443038 0.14852690528366
0.401753104455807 0.410857015985791 0.517272727272727 0.430009587727708 0.444444444444453 0.0759493670886076 0.401753104455807
0.123447772096421 0.596136767317939 0.309090909090909 0.516299137104506 0.551001821493636 0.0506329113924051 0.123447772096421
0.0803506208911613 0.666962699822381 0.172727272727273 0.674496644295302 0.820582877959944 0.0126582278481013 0.0803506208911613
0.613586559532506 0.592806394316163 0.990909090909091 0.612176414189837 0.518214936247733 0.0886075949367089 0.613586559532506
0.211833455076698 0.610679396092363 0.426363636363636 0.424736337488015 0.656648451730436 0.0253164556962025 0.211833455076698
0.365230094959825 0.805839253996448 0.724242424242427 0.698465963566635 0.611566484517322 0.0632911392405063 0.365230094959825
0.462137813489167 0.469360568383661 0.549545454545454 0.659635666347076 0.7176684881603 0.177215189873418 0.462137813489167
0.35524713903092 0.618228241563057 0.681818181818182 0.48274209012464 0.467668488160301 0.0379746835443038 0.35524713903092
0.336011687363039 0.691496447602133 0.590909090909091 0.760306807286673 0.576958105646639 0.0886075949367089 0.336011687363039
0.14609203798393 0.430839253996448 0.354545454545454 0.26222435282838 0.857012750455382 0.0632911392405063 0.14609203798393
0.321402483564646 0.660634991119006 0.39 0.822627037392138 0.531876138433525 0.0379746835443038 0.321402483564646
0.365230094959825 0.577375666074601 0.372727272727273 0.74784276126558 0.339708561020057 0.139240506329114 0.365230094959825
0.43827611395179 0.673623445825933 0.584848484848482 0.928092042186002 0.699453551912569 0.0506329113924051 0.43827611395179
0.321402483564646 0.587366785079929 0.457575757575755 0.588207094918504 0.856102003643006 0.0379746835443038 0.321402483564646
0.235451667884098 0.715919182948491 0.418181818181818 0.50431447746884 0.586520947176695 0.329113924050633 0.235451667884098
0.29218407596786 0.400108994025512 0.536363636363636 0.354586129753917 0.841985428051012 1 0.29218407596786
0.240321402483565 0.534968916518652 0.480909090909091 0.437679769894535 0.769581056466313 0.0379746835443038 0.240321402483565
0.287314341368393 0.531749555950267 0.680519480519482 0.273592658539928 0.70264116575593 0.126582278481013 0.287314341368393
0.196493791088386 0.4806838365897 0.620129870129873 0.185043144774688 0.801457194899837 0.0632911392405063 0.196493791088386
0.35524713903092 0.490452930728242 0.480909090909091 0.582933844678811 0.81056466302369 0.0759493670886076 0.35524713903092
0.245678110542973 0.547402309058615 0.562727272727273 0.400767018216683 0.399817850637541 0.0759493670886076 0.245678110542973
0.301680058436815 0.306505328596805 0.545454545454546 0.105624800255671 0.817850637522788 0.0759493670886076 0.301680058436815
0.422936449963477 0.650310834813499 0.4 0.922019814637263 0.716302367941722 0.367088607594937 0.422936449963477
0.153396639883126 0.523756660746004 0.318181818181818 0.460210930009588 0.111566484517324 0.0379746835443038 0.153396639883126
0.253226199172147 0.578485790408525 0.627272727272727 0.312080536912752 0.697632058287813 0.0506329113924051 0.253226199172147
0.198928658388115 0.537411190053287 0.39 0.396452540747843 0.63296903460839 0.0632911392405063 0.198928658388115
0.391770148526903 0.662855239786857 0.474848484848482 0.757430488974113 0.759562841530056 0.0632911392405063 0.391770148526903
0.297053810567326 0.306283303730018 0.509090909090909 0.207574304889741 0.609744990892542 0.493670886075949 0.297053810567326
0.482103725346968 0.856793960923623 0.89 0.770373921380633 0.3948087431694 0.0506329113924051 0.482103725346968
0.29218407596786 0.631660746003553 0.554545454545454 0.615052732502397 0.138433515482706 0.0886075949367089 0.29218407596786
0.175310445580716 0.502886323268205 0.490909090909091 0.175455417066156 0.788251366120219 0.0506329113924051 0.175310445580716
0.196493791088386 0.537411190053287 0.5 0.314956855225312 0.594717668488169 0.0506329113924051 0.196493791088386
0.0460189919649378 0.623889875666076 0.408787878787882 0.290508149568552 0.906193078324237 0.0506329113924051 0.0460189919649378
0.462137813489167 0.577042628774423 0.39 0.62320230105465 0.0883424408014762 0.177215189873418 0.462137813489167
0.279522766009255 0.8080595026643 0.526363636363636 0.701342281879195 0.428051001821505 0.354430379746835 0.279522766009255
0.1672753834916 0.544071936056839 0.354545454545454 0.582933844678811 0.639799635701286 0.0379746835443038 0.1672753834916
0.102264426588751 0.547402309058615 0.327272727272727 0.328859060402685 0.174863387978144 0.0126582278481013 0.102264426588751
0.409057706355004 0.5327486678508 0.418181818181818 0.632630233301376 0.397996357012761 0.468354430379747 0.409057706355004
0.248356464572681 0.713920959147425 0.623939393939391 0.492329817833174 0.522768670309672 0.0506329113924051 0.248356464572681
0.196493791088386 0.711700710479573 0.463636363636364 0.599392777245125 0.565573770491804 0.0506329113924051 0.196493791088386
0.248356464572681 0.66174511545293 0.380909090909091 0.789549376797699 0.80646630236795 0.0379746835443038 0.248356464572681
0.58436815193572 0.218805506216696 0.753636363636364 0.191914349632469 0.869307832422597 0.0759493670886076 0.58436815193572
0.394448502556611 0.531949378330373 0.79 0.319271332694152 0.744990892531885 0.177215189873418 0.394448502556611
0.196493791088386 0.696158969804619 0.471818181818182 0.439117929050815 0.560109289617486 0.0379746835443038 0.196493791088386
0.284879474068663 0.637322380106572 0.309090909090909 0.732023010546501 0.768670309653934 0.0506329113924051 0.284879474068663
0.347455563671782 0.544071936056839 0.490909090909091 0.447267497603068 0.469034608378882 0.10126582278481 0.347455563671782
0.349890430971512 0.441718472468918 0.557272727272727 0.370405880472996 0.280510018214945 0.113924050632911 0.349890430971512
0.306062819576333 0.489453818827709 0.480909090909091 0.232981783317354 0.77550091074683 0.10126582278481 0.306062819576333
0.255661066471877 0.573712255772647 0.442121212121209 0.487056567593481 0.45264116575593 0.0506329113924051 0.255661066471877
0.31336742147553 0.493616785079929 0.763636363636364 0.232981783317354 0.740437158469946 0.0886075949367089 0.31336742147553
0.287314341368393 0.437500000000001 0.466363636363636 0.166347075743049 0.428051001821505 0.10126582278481 0.287314341368393
0.900949598246896 0.189520426287745 0.781818181818182 0.380313199105144 0.504553734061941 0.126582278481013 0.900949598246896
0.367664962259554 0.585146536412077 0.562727272727273 0.527325023969319 0.480874316939891 0.316455696202532 0.367664962259554
0.20915510104699 0.53408081705151 0.327272727272727 0.304889741131352 0.739526411657569 0.481012658227848 0.20915510104699
0.0438276113951788 0.554063055062167 0.440454545454545 0.290987535953979 0.561930783242269 0.0506329113924051 0.0438276113951788
0.766983199415632 0.576576376554174 1 0.694151486097795 0.353825136612023 0.0759493670886076 0.766983199415632
0.720477233990745 0.238454706927176 0.9 0.284435922019813 0.455373406193089 0.0632911392405063 0.720477233990745
0.130752373995617 0.461922735346358 0.272727272727273 0.349952061361457 0.625683060109292 0.0506329113924051 0.130752373995617
0.31336742147553 0.587366785079929 0.741818181818182 0.36129753914989 0.728597449908936 0.0506329113924051 0.31336742147553
0.12588263939615 0.692828596802843 0.454545454545455 0.410834132310642 0.460837887067405 0.0759493670886076 0.12588263939615
0.657414170927685 0.25954706927176 0.805757575757573 0.279482262703739 0.510928961748635 0.0886075949367089 0.657414170927685
0.547845142439737 0.677286856127887 0.827272727272727 0.723873441994247 0.680783242258663 0.126582278481013 0.547845142439737
0.394448502556611 0.45714920071048 0.463636363636364 0.47443272611058 0.587887067395273 0.113924050632911 0.394448502556611
0.233016800584368 0.573712255772647 0.327272727272727 0.604026845637584 0.420309653916229 0.113924050632911 0.233016800584368
0.233016800584368 0.502014082720124 0.351688311688309 0.352417477057939 0.161657559198554 0.139240506329114 0.233016800584368
0.0825420014609203 0.561833925399644 0.380909090909091 0.328859060402685 0.584244080145738 0.0506329113924051 0.0825420014609203
0.31336742147553 0.458592362344582 0.471818181818182 0.16458932566315 0.416666666666666 0.113924050632911 0.31336742147553
0.28974920866813 0.409635879218472 0.190909090909091 0.399328859060403 0.840619307832431 0.0379746835443038 0.28974920866813
0.201363525687852 0.492895204262877 0.435454545454545 0.286193672099712 0.93214936247724 0.0253164556962025 0.201363525687852
0.14609203798393 0.400532859680285 0.342272727272727 0.198346116970278 0.572859744990902 0.0506329113924051 0.14609203798393
0.539055903920767 0.394291654171761 0.821641086186536 0.424655402124243 0.607468123861585 0.126582278481013 0.539055903920767
0.504017531044558 0.588565719360569 0.766666666666663 0.611856823266218 0.406193078324235 0.151898734177215 0.504017531044558
0.221225086089949 0.482079421466632 0.357954545454546 0.321248801534037 0.144093156388254 0.0506329113924051 0.221225086089949
0.294618943267589 0.410857015985791 0.471818181818182 0.282678171939919 0.551001821493636 0.10126582278481 0.29461894326759
0.485390796201607 0.656971580817052 0.539393939393936 0.934963247043782 0.704007285974508 0.0759493670886076 0.485390796201607
0.301680058436815 0.774755772646538 0.332727272727273 0.947746883988495 0.680783242258663 0.0379746835443038 0.301680058436815
0.274409544679817 0.692717584369449 0.562727272727273 0.52412911473314 0.473132969034619 0.126582278481013 0.274409544679817
0.459459459459459 0.629551509769095 0.590909090909091 0.678811121764142 0.432604735883444 0.987341772151899 0.459459459459459
0.276844411979547 0.620670515097691 0.466060606060609 0.640779801853629 0.784153005464482 0.0506329113924051 0.276844411979547
0.226442658875091 0.385102131438723 0.418181818181818 0.212527964205815 0.493624772313307 0.0506329113924051 0.226442658875091
0.333576820063309 0.544071936056839 0.687878787878791 0.45717481623522 0.709471766848826 0.0632911392405063 0.333576820063309
0.357925493060628 0.439212763258058 0.462337662337664 0.243048897411314 0.423497267759563 0.0632911392405063 0.357925493060628
0.467494521548576 0.834702486678509 0.753636363636364 0.765580057526366 0.589708561020056 0.0632911392405063 0.467494521548576
0.192111029948868 0.627331261101244 0.426363636363636 0.424736337488015 0.653005464480876 0.0506329113924051 0.192111029948868
0.299488677867056 0.504107460035525 0.662727272727273 0.37392138063279 0.698542805100193 0.0759493670886076 0.299488677867056
0.376917457998539 0.670626110124334 0.480909090909091 0.813518696069032 0.631147540983607 0.10126582278481 0.376917457998539
0.284879474068663 0.349578152753109 0.526363636363636 0.195110258868648 0.805100182149372 0.329113924050633 0.284879474068663
0.195398100803506 0.632160301953819 0.357575757575754 0.675934803451582 0.361566484517323 0.0506329113924051 0.195398100803506
0.25079133187241 0.399533747779752 0.341515151515155 0.337328219878557 0.662112932604755 0.0506329113924051 0.25079133187241
0.379108838568298 0.413077264653643 0.509090909090909 0.430009587727708 0.437613843351557 0.0886075949367089 0.379108838568298
0.240321402483565 0.63587921847247 0.523333333333336 0.297059763502718 0.813296903460846 0.113924050632911 0.240321402483565
0.284879474068663 0.519538188277086 0.569090909090909 0.561041866410992 0.837887067395275 0.468354430379747 0.284879474068663
0.447772096420745 0.380883658969805 0.614242424242427 0.284435922019813 0.621129326047377 0.0506329113924051 0.447772096420745
0.365230094959825 0.417184724689166 0.581818181818182 0.453499520613615 0.858378870673963 0.139240506329114 0.365230094959825
0.342585829072315 0.687277975133215 0.5 0.695270054330456 0.418488160291449 0.177215189873418 0.342585829072315
0.297053810567326 0.663965364120782 0.721212121212118 0.447587088526688 0.481785063752295 0.0506329113924051 0.297053810567326
0.685484712511739 0.778625348896218 0.978311688311691 0.848102999589099 0.32877959927142 0.113924050632911 0.685484712511739
0.196493791088386 0.437500000000001 0.309090909090909 0.297059763502718 0.586520947176695 0.0253164556962025 0.196493791088386
0.342585829072315 0.569493783303729 0.480909090909091 0.434803451581975 0.655737704918032 0.632911392405063 0.342585829072315
0.518626734842951 1 0.781818181818182 0.971236816874401 0.45446265938071 0.341772151898734 0.518626734842951
0.321402483564646 0.497446714031972 0.699090909090909 0.271332694151486 0.716302367941722 0.0632911392405063 0.321402483564646
0.240321402483565 0.706927175843695 0.39 0.749600511345479 0.616575591985438 0 0.240321402483565
0.26953981008035 0.430006660746004 0.672727272727273 0.166347075743049 0.799635701275054 0.0632911392405063 0.26953981008035
0.571706841977115 0.4330595026643 0.809090909090909 0.527924256951103 0.675318761384345 0.164556962025316 0.571706841977115
0.365230094959825 0.338698934280639 0.681818181818182 0.229900013696754 0.767304189435356 0.746835443037975 0.365230094959825
0.35256878500122 0.557060390763766 0.509090909090909 0.560722275487378 0.581056466302377 0.0379746835443038 0.35256878500122
0.274409544679817 0.538188277087033 0.372727272727273 0.563918184723552 0.234061930783253 0.0759493670886076 0.274409544679817
0.401753104455807 0.788188277087034 0.772727272727273 0.64046021093001 0.698542805100193 0.0632911392405063 0.401753104455807
0.513757000243484 0.2976243339254 0.526363636363636 0.278044103547459 0.867941712204016 0.10126582278481 0.513757000243484
0.248356464572681 0.451709591474247 0.5 0.243048897411314 0.396174863387978 0.139240506329114 0.248356464572681
0.409057706355004 0.647313499111901 0.653636363636363 0.669702780441035 0.448087431693991 0.139240506329114 0.409057706355004
0.642074506939372 0.0310834813499134 0.690909090909091 0.0158197507190797 0.74134790528235 0.0632911392405063 0.642074506939372
0.0730460189919649 0.39420515097691 0.29 0.199424736337488 0.755919854280521 0.0886075949367089 0.0730460189919649
0.274409544679817 0.486234458259324 0.581818181818182 0.261984659635667 0.765482695810573 0.0886075949367089 0.274409544679817
0.342585829072315 0.616230017761991 0.575151515151518 0.551454138702459 0.753187613843362 0.367088607594937 0.342585829072315
0.116873630387144 0.436278863232681 0.415151515151518 0.171140939597315 0.725409836065575 0.0506329113924051 0.116873630387144
0.422936449963477 0.469582593250443 0.681818181818182 0.430009587727708 0.724954462659398 0.0632911392405063 0.422936449963477
0.451215694458941 0.558630423750319 0.763636363636364 0.455576861617129 0.607923497267759 0.0632911392405063 0.451215694458941
0.1672753834916 0.440497335701599 0.380909090909091 0.271332694151486 0.437158469945355 0.0379746835443038 0.1672753834916
0.306062819576333 0.648312611012434 0.471818181818182 0.540268456375839 0.558743169398908 0.0886075949367089 0.306062819576333
0.221572924275625 0.54285079928952 0.380909090909091 0.445829338446788 0.661202185792351 0.455696202531646 0.221572924275624
0.657414170927685 0.749023090586146 0.945454545454545 0.717641418983701 0.275956284153006 0.139240506329114 0.657414170927685
0.182615047479912 0.520759325044406 0.617272727272727 0.252636625119847 0.818761384335164 0.0506329113924051 0.182615047479912
0.409057706355004 0.860457371225577 0.772727272727273 0.763822307446467 0.515482695810574 0.0506329113924051 0.409057706355004
0.262965668371074 0.564054174067496 0.351212121212118 0.64046021093001 0.397996357012761 0.0506329113924051 0.262965668371074
0.196493791088386 0.580706039076377 0.354545454545454 0.472674976030681 0.370673952641176 0.0506329113924051 0.196493791088386
0.224007791575361 0.703929840142096 0.571818181818182 0.420421860019176 0.441712204007297 0.0632911392405063 0.224007791575361
0.306062819576333 0.625499555950267 0.539393939393936 0.656599552572709 0.150728597449918 0.430379746835443 0.306062819576333
0.262965668371074 0.438499111900533 0.457575757575755 0.276605944391179 0.737704918032786 0.0253164556962025 0.262965668371074
0.39688336985634 0.308725577264653 0.581818181818182 0.153243847874722 0.887978142076502 0.0632911392405063 0.39688336985634
0.29218407596786 0.441940497335701 0.463636363636364 0.52412911473314 0.540072859744999 0.10126582278481 0.29218407596786
0.153396639883126 0.610679396092363 0.435454545454545 0.448705656759348 0.695810564663033 0.0379746835443038 0.153396639883126
0.990990990990994 0.258436944937833 0.912121212121209 0.476190476190475 0.493624772313307 0.0506329113924051 0.990990990990994
0.198928658388115 0.625 0.4969696969697 0.500159795461807 0.554644808743171 0.0506329113924051 0.198928658388115
0.557341124908692 0.197380106571937 0.763636363636364 0.217481623521893 0.857012750455382 0.0886075949367089 0.557341124908693
0.102264426588751 0.517095914742452 0.409090909090909 0.25 0.93806921675776 0.0506329113924051 0.102264426588751
0.479668858047239 0.442939609236234 0.744545454545454 0.396452540747843 0.523224043715849 0.10126582278481 0.479668858047239
0.58436815193572 0.157415630550623 0.699090909090909 0.0957174816235236 0.680327868852461 0.392405063291139 0.58436815193572
0.159970781592403 0.319604795737123 0.241818181818182 0.295781399808246 0.834244080145737 0.531645569620253 0.159970781592403
0.35524713903092 0.362899644760214 0.605454545454546 0.434803451581975 0.861566484517321 0.569620253164557 0.35524713903092
0.336011687363039 0.710590586145649 0.653636363636363 0.726749760306807 0.567395264116584 0.113924050632911 0.336011687363039
0.284879474068663 0.445588048718598 0.5 0.268250924530887 0.436247723132979 0.10126582278481 0.284879474068663
0.201363525687852 0.746114564831262 0.517272727272727 0.534995206136146 0.544626593806942 0.0632911392405063 0.201363525687852
0.0577063550036522 0.551620781527533 0.457575757575755 0.295302013422819 0.543715846994538 0.0379746835443038 0.0577063550036523
0.433406379352323 0.485013321492009 0.581818181818182 0.445829338446788 0.512750455373415 0.0506329113924051 0.433406379352323
0.219138056975895 0.666962699822381 0.418181818181818 0.532118887823586 0.508652094717678 0.0632911392405063 0.219138056975895
0.634769905040175 0.330928063943162 0.79 0.38686481303931 0.622040072859753 0.0632911392405063 0.634769905040175
0.372534696859021 0.530750444049734 0.272727272727273 0.708053691275168 0.560564663023688 0.0506329113924051 0.372534696859021
0.1672753834916 0.472801953818828 0.263636363636364 0.412272291466922 0.770036429872515 0.0379746835443038 0.1672753834916
0.0869247626004381 0.413077264653643 0.2569696969697 0.354586129753917 0.825591985428061 0.0506329113924051 0.0869247626004381
0.301680058436815 0.557060390763766 0.509090909090909 0.48274209012464 0.438979963570138 0.0632911392405063 0.301680058436815
0.123447772096421 0.687277975133215 0.530649350649354 0.394945897822215 0.490892531876148 0.0506329113924051 0.123447772096421
0.157048940832725 0.548234902309059 0.480909090909091 0.247363374880154 0.384335154826969 0.0506329113924051 0.157048940832725
0.404187971755537 0.562833037300177 0.662727272727273 0.626558005752637 0.700364298724972 0.506329113924051 0.404187971755537
0.27197467738008 0.416185612788633 0.718181818181818 0.169542984979228 0.831056466302379 0.0759493670886076 0.27197467738008
0.182615047479912 0.502886323268205 0.474848484848482 0.338926174496644 0.586520947176695 0.0506329113924051 0.182615047479912
0.0657414170927683 0.418405861456485 0.281818181818182 0.209012464046021 0.765027322404371 0.151898734177215 0.0657414170927683
0.20915510104699 0.662744227353463 0.471818181818182 0.444391179290508 0.55737704918033 0.291139240506329 0.20915510104699
0.476625273922571 0.478297069271759 0.79 0.348513902205178 0.504553734061941 0.0506329113924051 0.476625273922571
0.41563184806428 0.45714920071048 0.590909090909091 0.536752956216045 0.832422586520957 0.0759493670886076 0.41563184806428
0.644370238964836 0.777198046181172 0.966909090909091 0.817353787152445 0.317395264116585 0.113924050632911 0.644370238964836
0.342585829072315 0.704928952042629 0.545454545454546 0.702780441035475 0.397996357012761 0.0506329113924051 0.342585829072315
0.413440467494522 0.544071936056839 0.562727272727273 0.613614573346117 0.192167577413497 0.392405063291139 0.413440467494522
0.342585829072315 0.480794849023091 0.567272727272727 0.372003835091083 0.278688524590165 0.151898734177215 0.342585829072315
0.420849420849423 0.522900279116975 0.89 0.389946582659909 0.571948998178526 0.0632911392405063 0.420849420849423
0.192111029948868 0.527420071047958 0.5 0.300575263662512 0.472677595628417 0.10126582278481 0.192111029948868
0.226442658875091 0.458592362344582 0.536363636363636 0.209012464046021 0.618397085610218 0.126582278481013 0.226442658875091
0.479632493146004 0.5790624783742 0.770637544273909 0.493388203359439 0.620673952641176 0.0506329113924051 0.479632493146004
0.194302410518627 0.561833925399644 0.590909090909091 0.290028763183125 0.914389799635711 0.0379746835443038 0.194302410518627
0.394448502556611 0.310945825932505 0.672727272727273 0.219695932064099 0.770491803278689 0.0759493670886076 0.394448502556611
0.686145605064522 0.278641207815276 0.669393939393936 0.235059124320868 0.897085610200383 0.0886075949367089 0.686145605064522
0.623655064853017 0.706219096538811 0.816216216216218 0.801093519214324 0.515482695810574 0.10126582278481 0.623655064853017
0.26953981008035 0.500666074600357 0.359090909090909 0.360498561840844 0.195810564663035 0.139240506329114 0.26953981008035
0.1672753834916 0.558281527531085 0.363636363636364 0.592521572387344 0.644353369763225 0.0506329113924051 0.1672753834916
