1.16358608037241 474.628025090012 7.65190844818529 1.19085749646182 584766.09 1.21604179065866 1.23248569429413
1.14941206303976 750.699620722113 5.8615510671652 1.20726976918814 592797.337777777 1.2755490616774 1.21374059885698
1.1589152250264 585.977615456848 7.07511218538085 1.19588132765769 564001 1.2755490616774 1.22653298389045
1.16402483159501 462.421272254201 7.21041042523248 1.19368834845025 572103.140625 1.21604179065866 1.23214403820092
1.16021591381367 609.372081874733 6.89481308856437 1.1981497142329 570327.04 1.21604179065866 1.22752652787846
1.1607972064382 558.406452441589 7.07511218538085 1.19720389324703 571636.804444445 1.25231079854012 1.2285019696901
1.15612174413906 681.130943636889 6.82567803123103 1.19978428217557 576992.16 1.20254960379684 1.22310059583152
1.15827477379743 606.824042223684 7.41083595082675 1.19181537549221 587828.89 1.21604179065866 1.22649759890167
1.16748777380531 561.920645110843 7.5887541860949 1.19987843584583 578258.854444444 1.28028424685101 1.23646475644487
1.17109368928984 540.90326453036 7.78384376784425 1.20009758339038 571284.027777777 1.23667306538358 1.24057758775661
1.16088539394311 528.147091114841 7.2350667391079 1.18956532773974 582983.151111111 1.22717800445368 1.22890527492209
1.16158634964154 636.216583013641 7.25744237130011 1.20244931190893 582703.2225 1.18537581655931 1.22968146816897
1.15737913096796 539.420467877679 6.86182868907674 1.19454744085685 587624.454444445 1.23667306538358 1.22449138969811
1.15827477379743 627.705233637272 7.43292490295515 1.19222398833638 587675.56 1.23667306538358 1.2265373700292
1.1564069291234 529.089784441166 6.77937785849588 1.19193408815406 569496.6225 1.20254960379684 1.223300014152
1.16302136540256 573.584441889779 7.29985409733742 1.19898355722157 556167.921111112 1.21604179065866 1.23126362571001
1.15612174413906 638.073374322915 6.89481308856437 1.19700179967907 577194.737777777 1.25231079854012 1.22324549906697
1.16825658164865 609.463167909854 6.65428766927591 1.20726976918814 562300.017777778 1.21604179065866 1.23540540988061
1.16206843845702 701.609794077017 7.09775814514253 1.19753024103244 572115.746944444 1.27045434332056 1.22987689894107
1.16684263164321 522.165024109237 7.40420235098118 1.19522636115646 572140.96 1.20254960379684 1.23545822517823
1.16302136540256 678.553616095385 7.3835439826526 1.20637983338853 567712.017777778 1.34928284767356 1.2314188368955
1.16216440184956 843.667367851476 7.35397791228835 1.20703211322465 560851.21 1.21604179065866 1.23046708996908
1.16216440184956 536.570997098888 7.07511218538085 1.19522636115646 568817.64 1.2649391500429 1.22993232499303
1.15796741609913 762.592093274286 7.07511218538085 1.2002536531294 565253.361111111 1.21604179065866 1.22554132988742
1.15461032489457 627.889740413151 7.07511218538085 1.19829057247455 559204.84 1.23667306538358 1.22202879252067
1.15512907950437 818.697486816775 6.47414799877409 1.21189737289625 583772.4025 1.21604179065866 1.22128008250996
1.16597476536717 715.894459562616 7.32212282987394 1.21000099510637 575322.25 1.20254960379684 1.23439731650876
1.16402483159501 714.138689802673 6.93306053189965 1.20567787381286 533922.49 1.28886075273298 1.23158897486063
1.17343301802544 882.87608169317 8.18522751663617 1.21055200784624 554627.737777777 1.24495742399021 1.24367171190783
1.16454221200171 549.986068051873 7.87541465621843 1.19103821706404 578664.49 1.21604179065866 1.2338598294586
1.15968897542845 612.928759506706 7.09775814514253 1.19946941876394 572443.56 1.18537581655931 1.22738730118063
1.15796741609913 590.373475037387 7.3835439826526 1.19413654176567 567209.817777777 1.25231079854012 1.22612624972
1.15727533477581 733.84954052119 7.14518854392786 1.2002536531294 568440.6025 1.22717800445368 1.22495433752029
1.16242275352612 601.107692298936 7.390925540133 1.19209399473912 583746.934444444 1.2649391500429 1.23080549534185
1.1584991886036 598.484153372053 7.21863423428668 1.19638055047362 570780.25 1.22717800445368 1.22637628504809
1.15706721022237 657.521270842847 7.29390959029429 1.19993590517087 557486.2225 1.23667306538358 1.22501879539355
1.16349232215706 802.127339858908 7.25744237130011 1.20829404145819 560252.25 1.22717800445368 1.23167659779798
1.16550214472224 654.982658595781 7.27978091811813 1.20162595102083 548784.64 1.2755490616774 1.23382279031502
1.16766334920973 751.695904128304 6.98413473540908 1.21642672415767 567360.454444444 1.2755490616774 1.23549960101574
1.1562169543732 619.609957045245 6.83260846625431 1.19578100622759 596344.321111111 1.32302541880121 1.2232147908058
1.15861108701846 783.215970757951 6.15851948485865 1.21304185261203 566105.76 1.22717800445368 1.22413300195877
1.15046708300003 711.119196600375 5.91160084976142 1.2050548160914 585582.054444444 1.18537581655931 1.21497999645516
1.1537357690461 608.461542451028 6.11201989820275 1.19720389324703 578791.280277777 1.33836307430773 1.21892817566517
1.17063240828805 653.761865119266 8.16425834974989 1.20209703328888 566206.084444445 1.22717800445368 1.24070128242403
1.16011683894965 619.518224132923 6.83953511813984 1.19834950537341 548636.49 1.25231079854012 1.22730651675277
1.17529649629186 529.089784441166 7.7601415684638 1.2023991063023 567762.25 1.21604179065866 1.24494271334536
1.16302136540256 645.33700551647 7.32212282987394 1.20004026106137 563925.9025 1.28028424685101 1.23130526787913
1.16451585326353 676.647184947289 7.07511218538085 1.20668803744927 551603.29 1.21604179065866 1.23239231544548
1.15672224194887 603.917601708055 6.97652451254784 1.19464974735575 590054.4225 1.22717800445368 1.22404120046854
1.16270853719899 634.362111244159 7.00921686386087 1.20070408721144 570125.671111112 1.22717800445368 1.23036895692888
1.1564069291234 678.553616095385 6.77937785849588 1.19972667463585 574564 1.20254960379684 1.223300014152
1.17500924820668 326.538159559273 7.69746613551224 1.19029392764145 587752.2225 1.22717800445368 1.24453450802048
1.15008237430211 719.118168489488 5.91160084976142 1.20561584266339 587011.361111112 1.16158634964154 1.21457921831792
1.15116035264113 542.016506639203 6.20969482350872 1.19588132765769 578056.09 1.21604179065866 1.21649396358363
1.16158634964154 676.647184947289 7.5011773466144 1.19972667463585 577802.684444444 1.21604179065866 1.23012796665626
1.15807004096894 557.441706272681 6.66287435215892 1.19573078548143 570729.884444445 1.18537581655931 1.22478323627579
1.15948894263453 674.647906787225 7.29985409733742 1.19819401787714 572494.001111111 1.21604179065866 1.2275653929181
1.16187605877032 882.790668247493 7.27978091811813 1.20228851356353 564451.69 1.28886075273298 1.23002690744868
1.16657552745072 575.982861194442 7.56691118871825 1.20028222413538 558158.41 1.25231079854012 1.23547070325719
1.15580329636023 622.364650534402 7.0319769309247 1.19384385432628 580186.89 1.20254960379684 1.22319150082287
1.16649516909028 565.620711606821 7.14518854392786 1.20142735139394 564201.284444444 1.21604179065866 1.23460218892034
1.16657552745072 727.941630201516 7.00921686386087 1.21292704702469 578664.49 1.22717800445368 1.23441346361353
1.16739979761796 501.877267592692 7.65190844818529 1.19209399473912 573604.267777778 1.21604179065866 1.23648219876611
1.15548317276381 640.769839832226 7.07511218538085 1.19332399742108 584970.027777777 1.23667306538358 1.22294207895996
1.16011683894965 478.727201310934 6.89481308856437 1.19150566694425 573503.29 1.22717800445368 1.22742293539493
1.16540445372714 576.961224432732 7.05469740032459 1.20324723288529 570780.25 1.25892541179417 1.23328088740705
1.16061061372103 573.584441889779 7.52092996450551 1.19078506206853 582321.61 1.23667306538358 1.22914069092004
1.16302136540256 742.095506596937 7.67579015798072 1.19899415929833 579171.734444444 1.28886075273298 1.23193457184076
1.16242275352612 450.191067959222 7.2350667391079 1.1883966974052 584919.04 1.21604179065866 1.23051446493961
1.16684263164321 766.406554108203 7.30728106775015 1.20936961560232 562350.01 1.36020664728073 1.23527798563505
1.15827477379743 682.182166303163 6.73057870439975 1.20427460078454 539416.8025 1.22717800445368 1.22514652050275
1.16147977805693 596.858224135842 6.94069638561769 1.19316719764675 579882.25 1.27045434332056 1.22894346582156
1.15385676974784 628.535697130178 7.35397791228835 1.19228888428418 557511.111111112 1.27045434332056 1.22176754454988
1.15727533477581 636.216583013641 7.29483859144402 1.19641162085518 560776.3225 1.22717800445368 1.22523843032617
1.15787490573375 634.269448560951 6.94756478843466 1.19770901461999 576789.617777778 1.22717800445368 1.22518769223228
1.15768946262028 584.992725541857 7.27978091811813 1.18994599190522 574892.513611112 1.22717800445368 1.22564393935995
1.15768946262028 640.769839832226 7.00921686386087 1.19454744085685 580491.61 1.21604179065866 1.22511901450028
1.16497550271473 636.216583013641 7.34657639299938 1.2006008230203 564551.867777778 1.25892541179417 1.23339675381366
1.15796741609913 572.608537989917 7.16021037586558 1.19316719764675 586143.36 1.16158634964154 1.22570768966537
1.16302136540256 686.873323097572 6.75384007406487 1.20637983338853 556963.69 1.22717800445368 1.23015770769367
1.16261342420493 702.384014652897 7.32212282987394 1.20632792690115 547526.0025 1.34403347701213 1.23087816201675
1.16998582210397 752.772526194436 8.08008971365651 1.20690593451443 571636.804444445 1.23667306538358 1.23989352525685
1.16411777886042 637.608959091574 7.12262385140814 1.20039378697784 562900.071111112 1.24495742399021 1.23207022351816
1.16549533411778 598.66492918392 7.34657639299938 1.1991371132767 566256.25 1.21604179065866 1.23394102152548
1.16011683894965 746.521416081785 6.22589349817423 1.21070554695812 580974.246944445 1.2649391500429 1.22587710036594
1.15451256352967 722.054197932315 6.42650325204185 1.202984033851 568968.49 1.20254960379684 1.2205238859494
1.16126607587261 519.525158134923 7.09775814514253 1.1941880512856 551009.29 1.24495742399021 1.22903741158655
1.15307148625758 630.660130196534 6.94756478843466 1.18974366842841 586756 1.28886075273298 1.22016387747409
1.15978874651812 699.579206455571 7.21041042523248 1.19787109727022 571309.2225 1.16158634964154 1.22771039093745
1.1643217678789 599.297828777034 7.35397791228835 1.20173770705669 585454.5225 1.25231079854012 1.23272600554011
1.15796741609913 521.398020704384 6.81026347967864 1.19175593480623 568666.81 1.21604179065866 1.22499728348283
1.15480537708148 664.311467286325 7.19544508930692 1.19682649173334 569043.9225 1.20254960379684 1.22246572204489
1.15672224194887 753.490641089527 6.96129063869647 1.20056464064902 567938.080277778 1.34403347701213 1.22401021666071
1.15580329636023 760.387450288714 7.0319769309247 1.19931139622116 565880.0625 1.21604179065866 1.22319150082287
1.16470012683308 576.961224432732 7.63948651515442 1.19426890962464 577650.667777777 1.23667306538358 1.23363184359526
1.15706721022237 835.673320488893 6.59244328436314 1.213562259439 570553.6225 1.20254960379684 1.22357718996651
1.16302136540256 550.534093297668 7.00921686386087 1.19908949792123 576536.49 1.37805481140785 1.23069615726727
1.15796741609913 638.723799093704 7.44748426599369 1.19256423935769 582397.9225 1.18537581655931 1.2262415110289
1.1604135826157 771.639554638088 7.45718199866708 1.20209703328888 564902.56 1.21604179065866 1.2288211093708
1.16216440184956 590.373475037387 6.98413473540908 1.20164120211339 575853.3225 1.38757000129856 1.22974873133872
1.16070889145425 632.417413349543 7.15270158333925 1.20183913238408 564902.56 1.24495742399021 1.22856212327293
1.15548317276381 678.553616095385 6.61361498382534 1.20566833450511 564827.4025 1.20254960379684 1.22197037125988
1.16216440184956 497.610566284993 7.09775814514253 1.19459861491514 574058.777777778 1.21604179065866 1.22997730160773
1.16011683894965 585.977615456848 6.75384007406487 1.19573078548143 578056.09 1.3152568189817 1.22712231596147
1.17772670877863 384.483533646155 7.9529432713273 1.19533880545891 568139.0625 1.24495742399021 1.247810259382
1.16442350830522 614.821443405431 7.72397450323728 1.19757498198729 578436.3025 1.21604179065866 1.23348558052808
1.16078739996438 731.779444012495 7.1879561338841 1.20116669942968 566356.587777778 1.22717800445368 1.22871252795742
1.16835201010417 427.248060651551 7.64647518956 1.1904944843672 584766.09 1.2755490616774 1.23747063126559
1.16358608037241 700.44914943478 7.03955480734428 1.20764540531864 545776.187777778 1.20254960379684 1.23134827030539
1.16666469134066 515.448942749537 7.65190844818529 1.19257715371766 573503.29 1.21604179065866 1.23571188130508
1.15796741609913 628.720308474294 7.27233884182301 1.19931139622116 591976.36 1.16158634964154 1.22592101264397
1.16731169528078 946.741696981197 7.7601415684638 1.21018786181088 570176.01 1.22717800445368 1.23657360199379
1.16633413613237 745.428776258899 7.05469740032459 1.21406591962091 580339.24 1.18537581655931 1.23425336916236
1.16505787487234 711.119196600375 7.6301629237642 1.19867531952202 564451.69 1.29647344347637 1.23399067150881
1.16497550271473 806.025211400581 7.07511218538085 1.21506148588033 575625.69 1.20254960379684 1.23287316821116
1.15612174413906 832.182932757462 7.3302788973819 1.20055429902207 568566.267777777 1.24495742399021 1.2240960737343
1.15989830669483 619.609957045245 7.21041042523248 1.1941880512856 587701.113611112 1.22717800445368 1.22782506535262
1.16097345434611 570.431169707654 6.8025491557835 1.19517328190861 546515.204444445 1.23667306538358 1.22812296154414
1.16411777886042 751.695904128304 6.92542014709148 1.21232412868029 569421.16 1.20254960379684 1.23167025013332
1.16060077724592 546.268185192872 7.13767124835159 1.19482555261428 592438.09 1.25892541179417 1.22841969469253
1.16137302035676 727.941630201516 6.63709637615702 1.20924799550052 581101.29 1.18537581655931 1.22817606415066
1.16833293625725 715.894459562616 7.84614603909286 1.20538627779526 560102.56 1.32776097499935 1.23778672478955
1.1643217678789 774.564585281073 7.34657639299938 1.2044596185161 566155.921111111 1.35094974239308 1.23271228048544
1.16713511066789 705.484555556233 7.1879561338841 1.2094280906509 585301.5025 1.22717800445368 1.23535555089137
1.1589152250264 523.700480272892 6.94069638561769 1.19309738299338 578512.36 1.25231079854012 1.22626155970938
1.16216440184956 616.585845058848 7.27978091811813 1.19813493943198 567536.2225 1.27045434332056 1.23032876228444
1.17041986810173 446.629155293959 7.86756785679638 1.19204073781677 579679.201111112 1.25231079854012 1.24000985969023
1.16497550271473 495.191368559302 7.0319769309247 1.19829057247455 576992.16 1.24495742399021 1.23278629216626
1.17552842485977 558.599487464158 8.03994392257186 1.20359318625755 571762.8225 1.36020664728073 1.24564438156692
1.16998582210397 633.435745489102 7.93377697413873 1.20234383409242 574639.8025 1.24495742399021 1.23966224104698
1.15948894263453 706.35763705235 6.82567803123103 1.20383914413173 554478.801111111 1.2649391500429 1.22662066486568
1.15612174413906 627.889740413151 7.25744237130011 1.19504038750103 563025.1225 1.22717800445368 1.22396083521633
1.16844729069574 681.130943636889 7.76804662782397 1.20471192880211 576916.2025 1.25892541179417 1.23777717298971
1.16242275352612 692.925044188505 7.36876893214866 1.2002536531294 563400.36 1.21604179065866 1.2307648653933
1.16158634964154 769.42373043213 7.29316634349895 1.20851791366687 566456.934444444 1.20254960379684 1.22974875673838
1.16302136540256 483.666140874806 7.2350667391079 1.19215902520234 591540.446944445 1.20254960379684 1.23114103299789
1.16497550271473 576.16069248816 7.00921686386087 1.20198591084204 570780.25 1.27045434332056 1.23274002657206
1.1604135826157 605.915137171723 7.07511218538085 1.19830263141192 575094.7225 1.28028424685101 1.22810061679009
1.15921785405168 778.809242316897 6.75384007406487 1.21193628706316 573604.267777778 1.22717800445368 1.22618278983268
1.16126607587261 626.875240755756 7.51105715189585 1.198338794396 576941.521111112 1.22717800445368 1.22980994531423
1.16798684729223 510.964116667621 7.65190844818529 1.19309039725715 576865.566944445 1.27045434332056 1.23709736037237
1.15921785405168 595.053859885029 7.1879561338841 1.19228888428418 580796.41 1.24495742399021 1.22706983637177
1.16291726689263 573.584441889779 7.21041042523248 1.20142735139394 584766.09 1.32543337331153 1.23098485408836
1.16216440184956 664.878666174027 6.68626236024078 1.20416723789255 547674.0025 1.24495742399021 1.22911308627514
1.15921785405168 595.053859885029 7.45718199866708 1.18937412424901 576232.81 1.22717800445368 1.22756863348417
1.15480537708148 641.793911700968 6.45034931256889 1.19803276429535 574639.8025 1.36163925053494 1.22088609235297
1.16021591381367 463.068856239348 7.05469740032459 1.18926283427782 564451.69 1.24495742399021 1.22785315671876
1.15548317276381 554.201899537884 6.87794799026148 1.1910923318008 577372.0225 1.20254960379684 1.2225427065979
1.16187605877032 635.289057126006 7.03955480734428 1.19787109727022 579577.69 1.24495742399021 1.22955950270491
1.16031482819145 544.357507170239 6.99250082670946 1.19510243983395 595212.25 1.23667306538358 1.22783130783209
1.15480537708148 602.104114054428 6.5192362753062 1.19829057247455 571032.111111112 1.22717800445368 1.22104709643623
1.16011683894965 722.054197932315 6.47414799877409 1.21254286360272 585735.111111111 1.16158634964154 1.22648761371786
1.16070889145425 685.148440027486 7.27978091811813 1.20004026106137 571838.44 1.22717800445368 1.22880502962182
1.16157666898889 697.454630109285 7.41083595082675 1.19992546009179 580644 1.20254960379684 1.22995571980057
1.16187605877032 619.609957045245 7.27978091811813 1.19829057247455 567787.366944445 1.27045434332056 1.23002690744868
1.15316047844054 542.016506639203 6.54526339750632 1.19770901461999 584154.49 1.21604179065866 1.21938908136465
1.16197232425969 736.811167559258 6.94069638561769 1.2108508034343 575322.25 1.20254960379684 1.22945853494626
1.16270853719899 636.216583013641 6.98413473540908 1.20009758339038 572897.61 1.23667306538358 1.23031782323005
1.15349304186287 619.609957045245 6.42650325204185 1.19992546009179 576182.204444445 1.18537581655931 1.21945955500369
1.16431251036803 651.885627598293 7.16771493075145 1.20189484707004 569421.16 1.35572821273919 1.23236239879897
1.170899135964 654.60692587499 7.7385602379712 1.20480870449294 564677.1025 1.23667306538358 1.24029740688469
1.15672224194887 636.216583013641 7.21115825288722 1.19893582582071 553684.81 1.22717800445368 1.22450206588355
1.15978874651812 685.148440027486 7.13014968729524 1.20259468334949 569345.7025 1.2649391500429 1.22755527595392
1.1521856078291 629.551347038209 6.89481308856437 1.19264168569117 590438.56 1.21604179065866 1.21912938191406
1.15861108701846 578.920085324282 6.91777522080477 1.19683197749781 552346.24 1.20254960379684 1.2258961950118
1.15911714442612 550.534093297668 6.68626236024078 1.19597314871024 570478.09 1.22717800445368 1.22592924300158
1.16158634964154 749.703903654207 7.41893934462021 1.20760377744414 568164.187777778 1.23667306538358 1.229980558307
1.16395835425006 566.75546510702 7.00921686386087 1.19458582530495 560851.21 1.21604179065866 1.23167618160867
1.15480537708148 590.373475037387 7.06490876337828 1.19407209544281 570603.980277777 1.21604179065866 1.22221277889553
1.16411777886042 725.780526052591 6.77937785849588 1.20393726055131 557834.713611111 1.24495742399021 1.23135922596973
1.15502137010874 761.68986324208 7.36876893214866 1.19657441555276 579679.201111112 1.21604179065866 1.22301408348142
1.1558830647083 750.948638483638 7.09775814514253 1.20014964949413 568616.537777778 1.22717800445368 1.22340498967781
1.16549533411778 680.271369192786 7.21041042523248 1.20122300944189 569421.16 1.25892541179417 1.2336830368942
1.1590162682731 661.478585461807 6.92542014709148 1.20407926004579 572645.337777777 1.3670996344689 1.22633571775243
1.16302136540256 664.027945643581 7.09021382007263 1.20566833450511 567963.201111111 1.23667306538358 1.23085892609678
1.15827477379743 818.697486816775 6.91777522080477 1.20632792690115 565128.0625 1.20254960379684 1.2255445069425
1.15672224194887 745.428776258899 6.70960639976236 1.20856806257339 563700.64 1.21604179065866 1.22347820305884
1.16666469134066 629.551347038209 7.47919709167955 1.20070408721144 563550.49 1.2755490616774 1.23540814543596
1.16000767059855 589.654822053927 7.24252941844305 1.19321369766655 572847.151111112 1.25892541179417 1.22800067888701
1.15612174413906 615.350536366685 7.36876893214866 1.19012935686883 574968.337777778 1.21604179065866 1.22416647186044
1.17485342167855 833.283700913626 8.20826024269252 1.20878098255631 553709.613611112 1.27045434332056 1.24519708190604
1.15580329636023 632.417413349543 6.76932371280325 1.19787109727022 559504 1.24495742399021 1.22264746442093
1.1690416164432 737.700652383147 7.21041042523248 1.21376840058155 584409.284444445 1.25892541179417 1.23739432524057
1.15861108701846 797.113095656066 6.70960639976236 1.21240141488528 573755.751111112 1.20254960379684 1.22545199921891
1.15948894263453 757.685491668286 6.94069638561769 1.20343032935761 562050.09 1.21604179065866 1.22686154244678
1.16497550271473 737.700652383147 7.1879561338841 1.21070554695812 585123.004444444 1.20254960379684 1.23309556417899
1.16330437395712 617.593177797326 7.56691118871825 1.19488781716836 572948.071111111 1.21604179065866 1.23204355099313
1.16675372594342 724.701006778087 7.29985409733742 1.20956282841086 561450.49 1.24495742399021 1.23517090983127
1.15451256352967 619.518224132923 6.90247170203395 1.19363065586471 569194.8025 1.23667306538358 1.22157860975738
1.15385676974784 638.723799093704 7.07511218538085 1.19103821706404 586756 1.22717800445368 1.22124031292389
1.16540445372714 856.272700045273 7.71910929540124 1.2082253513032 573124.7025 1.21604179065866 1.23450555751185
1.1584991886036 481.852673954503 6.84645799484063 1.19054907042225 577372.0225 1.21604179065866 1.22563003727954
1.16877100596719 550.654005000051 7.7255958725061 1.19500086775474 579780.721111111 1.33636685932476 1.23804500798798
1.16684263164321 772.748490683128 7.34657639299938 1.2149255113758 576992.16 1.21604179065866 1.2353516279814
1.15252354268845 664.311467286325 6.8025491557835 1.19656261158198 571384.81 1.18537581655931 1.21928994376564
1.15512907950437 568.977354687212 6.5192362753062 1.19689228939748 577220.0625 1.21604179065866 1.22138513937661
1.17363794293877 864.69049391659 8.24170041332125 1.21110092381744 555695.7025 1.24495742399021 1.24397212674766
1.16107115062479 670.846774374079 6.81797310114879 1.20718599208377 560401.96 1.21604179065866 1.22825815392238
1.15921785405168 529.089784441166 6.86950708681066 1.19386110902334 565153.121111112 1.3065046649415 1.22642996417489
1.16442350830522 715.211440651907 7.1879561338841 1.19983137655831 568591.4025 1.25892541179417 1.23251789781602
1.16126607587261 447.714013930712 6.96129063869647 1.18920711500272 581660.444444445 1.22717800445368 1.22876241736829
1.16479205629897 567.386304837349 7.16771493075145 1.20169201254379 562350.01 1.28886075273298 1.23286421666673
1.15978874651812 587.59078481136 6.81026347967864 1.19715479498001 578385.600277778 1.33219587535135 1.22690115835443
1.15737913096796 710.049081760697 7.00921686386087 1.19966901449121 575018.89 1.21604179065866 1.22479439096461
1.16579428774248 715.894459562616 7.32212282987394 1.21009004763355 575322.25 1.18537581655931 1.23420837127676
1.16442350830522 421.942892757106 7.42556585078407 1.18820188376656 584562.187777778 1.25231079854012 1.23296390830337
1.16031482819145 628.720308474294 6.86950708681066 1.20065763920668 548784.64 1.2649391500429 1.22757686832146
1.16739979761796 539.420467877679 7.45718199866708 1.19787109727022 586143.36 1.21604179065866 1.2361383182086
1.16242275352612 678.553616095385 7.54284460844949 1.20092553549071 577600 1.21604179065866 1.23107771873651
1.15921785405168 649.2627785879 6.98413473540908 1.20004026106137 581177.5225 1.23667306538358 1.22666693389585
1.15827477379743 647.392090244787 6.97842748717894 1.19935093895808 578968.81 1.21604179065866 1.22566892904301
1.16011683894965 716.968339469306 7.36876893214866 1.2023991063023 562750.027777778 1.22717800445368 1.22835021163734
1.16070889145425 723.818276006106 7.41083595082675 1.20152927526575 572418.340277777 1.21604179065866 1.22904690512115
1.16021591381367 565.620711606821 7.34657639299938 1.19027337992304 574311.361111111 1.2649391500429 1.22841317550225
1.15612174413906 717.945192507391 6.96129063869647 1.20039378697784 577397.351111112 1.24495742399021 1.22338214941923
1.15285960532162 624.848351038507 6.06286626604159 1.20097692407876 578360.25 1.18537581655931 1.21788494059223
1.15181169134828 599.297828777034 6.35467714141732 1.19877114074383 576308.7225 1.21604179065866 1.21753234257647
1.15672224194887 677.600113177405 7.1744654145787 1.20214243627737 542432.25 1.25231079854012 1.22443196021089
1.16411777886042 739.311365288244 7.69746613551224 1.20056464064902 568214.44 1.21604179065866 1.23312042858984
1.16579428774248 742.749750684853 7.74575761182212 1.20254960379684 561050.934444444 1.23667306538358 1.23495896332494
1.16097345434611 614.939002762468 7.36876893214866 1.1909177945756 584995.5225 1.32302541880121 1.2292472344516
1.15285960532162 670.846774374079 6.70805149199216 1.19908949792123 557710.24 1.24495742399021 1.21943821557045
1.16379269342153 655.828395032851 7.27978091811813 1.19781711600895 584842.5625 1.27045434332056 1.2320333242757
1.16540445372714 624.019979833264 7.00921686386087 1.2073116163542 580847.217777777 1.20254960379684 1.23318866393607
1.16470012683308 749.703903654207 6.77937785849588 1.20951794750388 549031.601111112 1.20254960379684 1.23196783143479
1.15706721022237 784.585742364446 7.27978091811813 1.19946941876394 564351.521111111 1.20254960379684 1.22499247022979
1.15683744867132 785.702610916741 7.27978091811813 1.19946941876394 564401.604444445 1.20254960379684 1.22475191867693
1.16000767059855 544.357507170239 6.70960639976236 1.19650198301137 570578.801111112 1.21604179065866 1.22691134452492
1.17667520625135 693.667634323513 8.03994392257186 1.21044059292045 570327.04 1.25892541179417 1.24684713990045
1.17485342167855 330.872650125206 7.71910929540124 1.190658100085 587726.667777777 1.23667306538358 1.24440840727831
1.15393913221368 761.13872579868 7.00921686386087 1.19645233436439 584893.546944444 1.23667306538358 1.22119583362076
1.16579428774248 778.809242316897 7.27978091811813 1.20969280440161 561675.3025 1.25231079854012 1.23412860188223
1.16748777380531 715.016343714328 6.81797310114879 1.20884090829197 551454.76 1.16158634964154 1.23496502351841
1.15768946262028 535.794991478184 6.86950708681066 1.19443357137477 587828.89 1.22717800445368 1.2248319636977
1.16261342420493 584.008545752144 7.0347840642947 1.20280389179914 569069.067777778 1.2755490616774 1.23032121706995
1.16126607587261 833.120033756358 7.05469740032459 1.21044059292045 563850.81 1.22717800445368 1.22895177602651
1.15181169134828 633.435745489102 6.86950708681066 1.19228888428418 590438.56 1.18537581655931 1.21868603308928
1.16393174310054 672.5561448934 7.42850994270008 1.20537909049166 568314.951111112 1.29998302099357 1.23245423940016
1.15451256352967 645.523715678588 6.89481308856437 1.19403339590344 569421.16 1.23667306538358 1.22156277787785
1.16470012683308 751.695904128304 6.77937785849588 1.20956282841086 549155.1025 1.21604179065866 1.23196783143479
1.15989830669483 575.982861194442 7.03955480734428 1.1913981027967 561975.1225 1.20254960379684 1.22749060010444
1.15349304186287 636.216583013641 6.49552660975938 1.19801661623365 554478.801111111 1.21604179065866 1.21962168813527
1.16302136540256 589.385423907139 7.56691118871825 1.19384385432628 570729.884444445 1.22717800445368 1.23174703625607
1.15548317276381 531.406721891165 6.73057870439975 1.19209399473912 570327.04 1.20254960379684 1.22222910043371
1.15930835079932 670.846774374079 6.70960639976236 1.20538627779526 561700.284444445 1.21604179065866 1.22618060295989
1.15796741609913 564.650640719381 6.67847125871843 1.19554629909657 579374.694444445 1.37805481140785 1.22471067457976
1.15968897542845 463.149831545379 7.1879561338841 1.19120042133825 584842.5625 1.21604179065866 1.22756291871392
1.16442350830522 775.473317649861 7.50556923570002 1.20361782506047 554578.09 1.25892541179417 1.23310779439864
1.1521856078291 642.632309937773 6.03574013437237 1.20179351111193 578056.09 1.16158634964154 1.21710995158354
1.16497550271473 697.454630109285 7.05469740032459 1.20352908048376 564526.8225 1.25231079854012 1.23283218295044
1.15978874651812 505.907239730502 7.09775814514253 1.19193408815406 567988.3225 1.27045434332056 1.22749169256859
1.15930835079932 624.848351038507 7.0319769309247 1.1941880512856 581507.921111112 1.22717800445368 1.22685824747725
1.16497550271473 614.116289561443 7.6301629237642 1.20127926934523 578284.2025 1.21604179065866 1.23390435582586
1.16358608037241 506.8327199379 7.2350667391079 1.19168453154827 589516.84 1.29647344347637 1.23173211447413
1.15461032489457 592.351704719513 7.06150585920998 1.19390709839787 570629.16 1.21604179065866 1.22200198011271
1.16479205629897 643.65765584482 6.59244328436314 1.2089315974502 569723.04 1.24495742399021 1.2316454542715
1.16619961855529 666.865495772422 7.0319769309247 1.20416723789255 556441.4025 1.25231079854012 1.23406667380907
1.15978874651812 578.920085324282 6.61361498382534 1.19454744085685 563550.49 1.25231079854012 1.22646802078185
1.16522228797481 1102.56331986559 7.43292490295515 1.2003537804438 560002.777777777 1.2649391500429 1.23381382196264
1.15470792923957 546.268185192872 6.968909817029 1.1900071732259 570679.521111111 1.21604179065866 1.22191885490818
1.16270853719899 849.96001910847 6.73057870439975 1.21506148588033 575271.684444445 1.21604179065866 1.22977976926525
1.17107355068383 585.977615456848 7.9529432713273 1.19851529335155 565052.89 1.22717800445368 1.24083369725237
1.1556967755895 624.019979833264 6.89481308856437 1.19498957183619 570176.01 1.20254960379684 1.22280111450798
1.16633413613237 540.285220592888 7.1879561338841 1.20039378697784 563250.25 1.23667306538358 1.23451735804797
1.15706721022237 735.823390550289 6.98413473540908 1.20039378697784 567410.671111112 1.22717800445368 1.224417458721
1.1731690308503 547.224599954976 7.82683944223971 1.20102827092231 570478.09 1.25892541179417 1.24282478731099
1.16187605877032 746.248191825215 6.68626236024078 1.21202699456947 589440.0625 1.32543337331153 1.22881182759135
1.1616830719545 526.520499961358 7.5887541860949 1.19103821706404 584460.25 1.18537581655931 1.23038281684102
1.16757562421304 647.392090244787 6.82567803123103 1.20314804097194 544791.61 1.25892541179417 1.23507349180565
1.15768946262028 613.11139231697 6.63123022661282 1.1991807291505 575701.5625 1.18537581655931 1.22431482855168
1.16684263164321 775.083805004347 7.86756785679638 1.2067654413559 574690.340277777 1.24495742399021 1.23625919244905
1.15978874651812 698.709726855585 7.03046082799026 1.20737201364862 560926.1025 1.27045434332056 1.22735773886189
1.16302136540256 624.019979833264 7.54284460844949 1.19477569654527 573023.766944444 1.22717800445368 1.23170486068084
1.16615471377194 457.41567264357 7.54766122921408 1.19259945408282 581075.880277777 1.23667306538358 1.23499593958438
1.16242275352612 820.559068998574 7.24252941844305 1.20815658686955 560252.25 1.22717800445368 1.2305286820941
1.15861108701846 808.285574285893 6.91777522080477 1.20590163574032 565353.61 1.22717800445368 1.2258961950118
1.15948894263453 464.040960360748 6.89481308856437 1.1904944843672 576081 1.20254960379684 1.22676640341062
1.16270853719899 607.733531092214 7.56691118871825 1.19801661623365 576992.16 1.20254960379684 1.23141927696741
1.16411777886042 617.776404914798 7.27233884182301 1.19892521393787 584613.16 1.25892541179417 1.23235955541687
1.16684263164321 352.046868218707 7.61056338187171 1.18707521733156 585225 1.3300135414628 1.2358268550652
1.15046708300003 640.769839832226 6.84645799484063 1.19316719764675 591668.64 1.20254960379684 1.21723210321235
1.16402483159501 656.486513374045 7.24252941844305 1.20637983338853 581863.84 1.23667306538358 1.23220560244849
1.16844729069574 647.392090244787 7.9124518039422 1.19881899683693 565052.89 1.21604179065866 1.23801452904572
1.15385676974784 619.609957045245 6.45034931256889 1.19983137655831 576030.401111112 1.21604179065866 1.21989570789594
1.1604135826157 530.805617801649 7.05469740032459 1.19464974735575 551207.254444444 1.24495742399021 1.22805994822446
1.16070889145425 725.780526052591 6.63709637615702 1.20960767769927 580745.604444445 1.21604179065866 1.22748229754442
1.16789958313861 735.823390550289 7.14518854392786 1.21570853973085 576637.734444445 1.23667306538358 1.23607164832596
1.16722346642193 535.019467233974 7.45718199866708 1.19787109727022 586143.36 1.21604179065866 1.23595364454326
1.1564069291234 570.658867261455 6.66287435215892 1.19656261158198 575929.21 1.16158634964154 1.22304560342974
1.16187605877032 641.793911700968 6.96129063869647 1.202984033851 549377.44 1.28470839766091 1.22940033932902
1.15717136140127 614.939002762468 7.07511218538085 1.19713023149194 570855.8025 1.21604179065866 1.2247084358498
1.1637544842932 673.601677860067 7.50849639311686 1.20797285064934 576232.81 1.25231079854012 1.23241217825753
1.15590963093142 686.873323097572 6.73057870439975 1.19710565842396 573049 1.27045434332056 1.22267479023343
1.1763448210489 381.199732373878 7.93377697413873 1.19454744085685 567686.9025 1.23667306538358 1.24633015788064
1.16158634964154 633.435745489102 7.5887541860949 1.19492599446438 577144.09 1.33836307430773 1.23028146948087
1.15948894263453 775.473317649861 6.77937785849588 1.21132388682871 578968.81 1.21604179065866 1.22652142078032
1.16011683894965 697.647658967236 6.86950708681066 1.19931139622116 545529.96 1.2649391500429 1.22736986926702
1.1604135826157 627.889740413151 7.07511218538085 1.19851529335155 575929.21 1.21604179065866 1.22810061679009
1.16522228797481 792.82590196682 7.24252941844305 1.21262843776302 572065.3225 1.21604179065866 1.23345896509425
1.16597476536717 618.509546305457 6.7200969574445 1.21004776320904 559653.61 1.25231079854012 1.23316944597168
1.17148684816036 397.359995128743 7.66783403886787 1.18994599190522 574715.61 1.2649391500429 1.24079237781663
1.16624449051035 539.420467877679 7.1879561338841 1.20009758339038 563025.1225 1.22717800445368 1.23442354611616
1.15921785405168 789.311693716927 6.84645799484063 1.21201404424867 549031.601111112 1.18537581655931 1.22638136791561
1.15612174413906 718.042909160783 6.93306053189965 1.19908949792123 579425.44 1.23667306538358 1.22332443639926
1.16442350830522 622.364650534402 6.94069638561769 1.20718599208377 581177.5225 1.22717800445368 1.23202172975223
1.15548317276381 678.553616095385 6.89481308856437 1.19801661623365 583797.871111111 1.20254960379684 1.22257775113005
1.17391012291128 818.697486816775 8.14536127445572 1.20928276782147 554032.111111111 1.21604179065866 1.24411128712946
1.15418555159262 635.289057126006 6.54526339750632 1.19770901461999 554131.36 1.22717800445368 1.22045970150742
1.16531343848328 431.952663741305 7.65190844818529 1.19020255281622 584460.25 1.2649391500429 1.23429587722362
1.15778225472068 600.473974018777 7.42409356910832 1.18949631512789 576081 1.22717800445368 1.22600563667429
1.1584991886036 595.865534059535 7.43292490295515 1.18937412424901 576232.81 1.22717800445368 1.226772424845
1.16330437395712 753.490641089527 7.32212282987394 1.20651647471402 567611.56 1.23667306538358 1.23160156993762
1.16451585326353 644.310513425963 7.2350667391079 1.2002536531294 554205.8025 1.23667306538358 1.23270528437387
1.16261342420493 782.759608191604 7.30728106775015 1.20523757445375 568214.44 1.21604179065866 1.23085045528828
1.15512907950437 674.552766311935 6.89481308856437 1.19776308848603 577549.334444445 1.20254960379684 1.22220747550031
1.16421985825682 630.660130196534 7.5497249886355 1.19007702163287 574361.884444445 1.28028424685101 1.2329725626228
1.16657552745072 713.261497908706 7.2350667391079 1.21070554695812 585531.04 1.21604179065866 1.23486103137764
1.16739979761796 436.67933004946 7.25744237130011 1.19443357137477 585684.09 1.2649391500429 1.23576662752492
1.17222387380425 403.217437307526 7.76804662782397 1.19315556725991 586373.0625 1.21604179065866 1.2417356777837
1.17343301802544 542.016506639203 7.80535754628794 1.20138143199848 569823.684444445 1.24495742399021 1.24306569674489
1.1604135826157 589.385423907139 6.75384007406487 1.19554629909657 578056.09 1.30954713283313 1.2274324379516
1.15768946262028 577.940299200118 7.14518854392786 1.19316719764675 586092.321111112 1.18537581655931 1.22538772790242
1.17023854650985 813.32976528697 8.16425834974989 1.20648351923664 564752.25 1.24495742399021 1.24028802671172
1.1755361408577 556.565284782182 7.69746613551224 1.20309341911823 566858.41 1.21604179065866 1.2450866255931
1.15827477379743 515.448942749537 6.89481308856437 1.19204073781677 565203.24 1.25892541179417 1.22549683785925
1.16827567919148 786.596595957375 7.99756824748854 1.20566833450511 571082.49 1.22717800445368 1.23797046612247
1.15748275059636 699.579206455571 7.16771493075145 1.19801661623365 571863.646944445 1.24495742399021 1.22521493039666
1.15580329636023 830.830140473847 6.5192362753062 1.21313524550585 579171.734444444 1.21604179065866 1.2220892175679
1.16497550271473 574.383438405241 7.29985409733742 1.19867531952202 567184.713611112 1.25892541179417 1.23330938185373
1.16497550271473 746.521416081785 7.33843008133724 1.19961130164295 564451.69 1.25892541179417 1.23338159918236
1.16684263164321 626.875240755756 6.68626236024078 1.21228545044471 568088.813611112 1.28028424685101 1.23400061249119
1.16302136540256 482.759042474096 7.2350667391079 1.19228888428418 591668.64 1.20254960379684 1.23114103299789
1.16694027948649 639.932484206511 6.98413473540908 1.2079222299639 560526.733611111 1.39236488880899 1.23474344149772
1.14996531157418 728.826511852829 5.88910679501834 1.2061056653517 587675.56 1.21604179065866 1.21439444083864
1.15827477379743 672.5561448934 6.77937785849588 1.20398626184669 571284.027777777 1.20254960379684 1.22525236197511
1.16713511066789 607.733531092214 7.82683944223971 1.19738359362966 566206.084444445 1.22717800445368 1.2364991867181
1.16216440184956 722.054197932315 7.15270158333925 1.20928856136176 584689.6225 1.20254960379684 1.23008525320829
1.15861108701846 577.851263005588 6.41615515481295 1.2007144043557 579806.1025 1.34928284767356 1.22477748703115
1.16896442054701 959.650710025952 7.89109564097731 1.21219941477149 564677.1025 1.25892541179417 1.23852220209043
1.16302136540256 843.667367851476 7.36876893214866 1.20760377744414 561100.871111111 1.23667306538358 1.23139168854626
1.15316047844054 534.244424465877 6.58223643792531 1.19689228939748 583696 1.31246095365662 1.21947321533302
1.16261342420493 577.851263005588 7.29316634349895 1.1973237504224 557262.25 1.22717800445368 1.2308240023474
1.17790624925392 675.246064301136 8.03994392257186 1.21110092381744 571233.64 1.24495742399021 1.24813824616493
1.16522228797481 672.5561448934 7.12262385140814 1.20690593451443 553213.646944444 1.20254960379684 1.23322586167375
1.17560113749044 531.406721891165 7.99756824748854 1.20228851356353 572292.25 1.21604179065866 1.24565322309163
1.16302136540256 742.749750684853 7.44101533178851 1.20314804097194 565654.41 1.24495742399021 1.23152342325424
1.15807004096894 666.865495772422 6.73057870439975 1.20566833450511 560776.3225 1.32053120219339 1.22493256598467
1.15861108701846 706.454674673252 7.0319769309247 1.20034711022441 569471.467777777 1.22717800445368 1.22612883843253
1.15871263497262 782.759608191604 6.94069638561769 1.2047651737092 565704.551111111 1.23667306538358 1.22604969331079
1.16998582210397 394.596257736871 7.7385602379712 1.18974366842841 584460.25 1.2755490616774 1.23934017641022
1.15737913096796 648.32714525387 7.1879561338841 1.19671118017879 575170.56 1.22717800445368 1.22514535944883
1.15385676974784 555.86457315508 6.96129063869647 1.19029392764145 570075.334444444 1.21604179065866 1.22101311984582
1.16540445372714 491.779748973901 7.34657639299938 1.19481422515985 586066.8025 1.29277351476538 1.23384586940426
1.16615471377194 835.204098435186 7.80535754628794 1.20632792690115 577017.480277778 1.21604179065866 1.23543594803945
1.16451585326353 651.042074781198 7.07511218538085 1.20572078296076 558955.601111111 1.21604179065866 1.23239231544548
1.16180376007343 724.038915471306 6.98413473540908 1.20416723789255 560726.400277778 1.22717800445368 1.22937154546844
1.15948894263453 645.523715678588 7.29985409733742 1.19888912018131 560676.480277777 1.22717800445368 1.2275653929181
1.16302136540256 692.925044188505 6.91777522080477 1.20754823116589 534604.694444445 1.27045434332056 1.23050787233533
1.15285960532162 664.311467286325 6.63709637615702 1.19801661623365 549896.4025 1.21604179065866 1.2192819924135
1.15612174413906 678.410554025876 7.36876893214866 1.19491836085899 584052.587777777 1.20254960379684 1.22416647186044
1.15672224194887 757.685491668286 6.5192362753062 1.20884090829197 586373.0625 1.20254960379684 1.223048847278
1.15861108701846 754.388697345501 7.1879561338841 1.20193027633764 565027.833611111 1.2649391500429 1.22643477870792
1.16011683894965 555.076724829276 6.91777522080477 1.19504038750103 555273.361111112 1.21604179065866 1.22747075444062
1.16177964149927 483.583647228605 7.2350667391079 1.19193408815406 587675.56 1.33219587535135 1.22984131043616
1.16126607587261 849.96001910847 7.32212282987394 1.20661053909 560851.21 1.23667306538358 1.22946749301887
1.16311584703225 742.749750684853 7.45718199866708 1.20314804097194 565679.480277778 1.23667306538358 1.23165151554598
1.15948894263453 754.388697345501 6.94069638561769 1.20329677064031 562650.01 1.21604179065866 1.22686154244678
1.17327099748531 828.92489602398 7.89629324520631 1.21182965474749 565554.134444444 1.22717800445368 1.2430461475439
1.15753449439159 626.36825459627 7.35989624081838 1.1924231825484 574513.467777778 1.23667306538358 1.22562976454378
1.16130620198549 566.944685445702 7.16771493075145 1.19444985107653 562525.000277778 1.24495742399021 1.22921635925596
1.15921785405168 769.42373043213 7.18121248006724 1.2047651737092 568063.69 1.22717800445368 1.22705686761662
1.16980466753947 924.599829008957 8.12433679772993 1.20965249541479 556143.0625 1.22717800445368 1.23977178713488
1.16649516909028 600.29296427364 7.27978091811813 1.20087410508841 553337.617777778 1.2649391500429 1.23486226850439
1.16684263164321 818.697486816775 7.78384376784425 1.20653118146051 576840.25 1.21604179065866 1.23612145287127
1.15116035264113 668.096710934511 6.91777522080477 1.19103821706404 586756 1.22717800445368 1.21810428490845
1.16167340660595 727.745052403526 7.25744237130011 1.20249446292689 547304.04 1.29277351476538 1.22977259905668
1.15116035264113 658.650893651569 6.91777522080477 1.19075787757365 586756 1.23667306538358 1.21810428490845
1.15661731904457 622.364650534402 7.36876893214866 1.19103821706404 582830.454444444 1.18537581655931 1.22468546459543
1.15869813847077 597.490304688751 6.79593312701322 1.19651064781021 546641.943219955 1.21604179065866 1.22573046120556
1.15651221498381 678.553616095385 6.94069638561769 1.19881899683693 583288.604444444 1.21604179065866 1.22374846326718
1.15512907950437 722.054197932315 7.52092996450551 1.19588132765769 578512.36 1.18537581655931 1.22339774752725
1.1584991886036 677.600113177405 6.94069638561769 1.20020167271633 544275.0625 1.32302541880121 1.2258264725665
1.16358608037241 731.680930505061 7.34657639299938 1.20432821410906 580745.604444445 1.31246095365662 1.23194199091838
1.16522228797481 548.007654384426 7.6301629237642 1.19281734554033 573200.41 1.22717800445368 1.23416295541622
1.16713511066789 742.749750684853 7.7385602379712 1.20590163574032 574185.0625 1.2755490616774 1.23635228727943
1.1611686909636 700.44914943478 7.14518854392786 1.20628542637057 579729.96 1.36020664728073 1.2290286489066
1.16097345434611 428.813808085955 7.12262385140814 1.18858465075191 571838.44 1.30332132056306 1.22878020753943
1.15252354268845 707.425365064672 5.98625087225374 1.21150691972876 589491.246944444 1.18537581655931 1.21732834916985
1.16606480552289 790.686021865916 7.2350667391079 1.21455319533136 576789.617777778 1.21604179065866 1.23432649498211
1.16713511066789 834.265993184225 7.87541465621843 1.20690593451443 577194.737777777 1.22717800445368 1.2365786273493
1.15349304186287 622.364650534402 6.91777522080477 1.19297502026324 590899.69 1.16158634964154 1.2205439159427
1.16411777886042 775.473317649861 7.5011773466144 1.20331162441396 554354.7025 1.25892541179417 1.23277972124449
1.15451256352967 614.116289561443 6.5034350021898 1.19881899683693 570276.694444445 1.21604179065866 1.22070469377422
1.16376382650367 483.583647228605 7.1879561338841 1.19109834166678 590438.56 1.24495742399021 1.23182752765417
1.1590162682731 690.040434862391 7.07511218538085 1.20039378697784 559254.694444444 1.22717800445368 1.22663870024396
1.15796741609913 563.681283556733 6.8025491557835 1.19606483601588 573503.29 1.21604179065866 1.22498080948805
1.15807004096894 518.589810159366 6.67847125871843 1.19715479498001 583645.067777778 1.20254960379684 1.22481790220068
1.16216440184956 589.385423907139 6.98413473540908 1.20147323746725 575929.21 1.35417073113175 1.22974873133872
1.1529600622015 603.917601708055 6.89481308856437 1.19233014678945 568867.921111111 1.22717800445368 1.21993927431769
1.17271037747139 678.553616095385 7.99756824748854 1.20534314175466 571158.0625 1.25231079854012 1.24262158391427
1.15881401411693 528.232760735214 6.88638331945535 1.19356713276696 565203.24 1.30332132056306 1.22604308987633
1.16731169528078 834.995591554941 7.69746613551224 1.19998288666091 564051.067777777 1.3300135414628 1.23646783383294
1.16978817248282 609.282184496631 7.85310462371837 1.20117408175636 573049 1.21604179065866 1.239323851008
1.15695243781523 610.283204765634 6.85414566201472 1.2002536531294 571838.44 1.18537581655931 1.22402912712299
1.16713511066789 606.824042223684 7.02439465479027 1.20690593451443 575903.913611111 1.28886075273298 1.23502970794055
1.16281299103188 773.656309599977 6.89481308856437 1.21343572143804 577752.01 1.22717800445368 1.23024195265797
1.16919571828979 701.319555710952 6.96129063869647 1.21636625805482 577093.444444445 1.37338956334918 1.23705465316467
1.17102436113691 520.667990552751 7.92555521199214 1.19982913476489 571838.44 1.28886075273298 1.24073801229421
1.15948894263453 765.703277436091 7.03955480734428 1.21066587402244 582245.3025 1.20254960379684 1.22706235916503
1.16031482819145 555.076724829276 7.0319769309247 1.19488781716836 578867.361111111 1.21604179065866 1.2279111077053
1.15612174413906 675.694831520594 6.75384007406487 1.19992546009179 572998.534444445 1.18537581655931 1.22294692217114
1.16088539394311 579.811417130848 7.16771493075145 1.19755103370906 565403.737777777 1.23667306538358 1.22877597764989
1.16097345434611 504.394381532644 7.09775814514253 1.19120042133825 564351.521111111 1.20254960379684 1.22873124736572
1.15921785405168 786.616918862622 6.15851948485865 1.21304185261203 565955.29 1.21604179065866 1.22476567748815
1.15861108701846 784.585742364446 6.8025491557835 1.21013897349946 550885.580277778 1.22717800445368 1.22565364220744
1.15717136140127 784.585742364446 7.12262385140814 1.20065763920668 566206.084444445 1.22717800445368 1.22480167485845
1.1589152250264 584.992725541857 7.28647528586057 1.19661217339866 571183.254444445 1.20254960379684 1.22693975777487
1.16011683894965 548.007654384426 6.77087102761224 1.19437655919549 582092.7025 1.20254960379684 1.22715929066423
1.15921785405168 784.585742364446 6.79483011838093 1.21197517750408 580034.56 1.20254960379684 1.22627133463074
1.1564069291234 700.44914943478 6.98413473540908 1.20087410508841 576232.81 1.22717800445368 1.22372681547
1.16657552745072 666.865495772422 6.84645799484063 1.21198381660522 561450.49 1.27045434332056 1.23407283360351
1.15672224194887 846.496580886637 6.56101031713226 1.21410353455737 575777.44 1.21604179065866 1.22314517096772
1.17307275500658 897.791898565085 8.18522751663617 1.2111875785604 555025 1.22717800445368 1.24329370815498
1.16358608037241 724.014398551972 7.32212282987394 1.20412326423566 580339.24 1.32302541880121 1.23189650710493
1.15206122503892 630.382856016119 6.89481308856437 1.19368834845025 590336.111111111 1.18537581655931 1.21899930634523
1.15252354268845 634.362111244159 6.98413473540908 1.19281734554033 570629.16 1.32302541880121 1.21966467228115
1.1590162682731 718.042909160783 6.91777522080477 1.20694802193837 553362.413611111 1.18537581655931 1.22631989630805
1.1607972064382 727.941630201516 6.63709637615702 1.20951794750388 580694.801111111 1.21604179065866 1.22757455426909
1.15396656156639 624.019979833264 7.10605191874264 1.19476322634941 563900.871111111 1.23667306538358 1.22141571860316
1.17148684816036 520.4612283785 7.41083595082675 1.19862202255671 567310.24 1.22717800445368 1.24033349708195
1.16713511066789 471.849218860782 7.93377697413873 1.18806325983566 577296.04 1.24495742399021 1.23667280067482
1.16559514728068 740.569898070532 7.28573163079996 1.21278644811875 568415.471111111 1.25892541179417 1.23393140670535
1.16270853719899 758.585686517953 7.6446636413692 1.20234383409242 562100.071111111 1.20254960379684 1.23155366748173
1.16522228797481 514.516748668301 7.21041042523248 1.19432948519097 559504 1.21604179065866 1.2333972755435
1.16919571828979 762.706694919761 8.05897377273831 1.20600610491565 571334.417777778 1.22717800445368 1.23903185538397
1.15285960532162 622.364650534402 6.40021743135673 1.19992546009179 575979.804444444 1.21604179065866 1.21873568192198
1.15706721022237 758.585686517953 6.94069638561769 1.20147323746725 568365.21 1.22717800445368 1.22432889466008
1.15921785405168 589.654822053927 7.25744237130011 1.19298376837056 572443.56 1.25892541179417 1.22720207775749
1.15978874651812 804.17784174781 7.25744237130011 1.20416723789255 568943.346944444 1.22717800445368 1.22779971018845
1.15717136140127 614.116289561443 6.75384007406487 1.20116669942968 547378.0225 1.21604179065866 1.22404394211657
1.15737913096796 629.551347038209 7.43292490295515 1.19405551284393 583696 1.21604179065866 1.22559925289396
1.1727830233634 571.633346389322 7.7601415684638 1.20127926934523 565504 1.22717800445368 1.24230839609379
1.1589152250264 597.490304688751 7.54284460844949 1.19120042133825 583848.81 1.21604179065866 1.2274028804271
1.15480537708148 536.570997098888 6.70182991899289 1.1912783702704 572443.56 1.21604179065866 1.2214580367475
1.15512907950437 648.32714525387 7.25744237130011 1.19175593480623 582245.3025 1.21604179065866 1.22292159776828
1.16766334920973 857.326759377179 7.5011773466144 1.21119282657896 561100.871111111 1.32543337331153 1.23649361164255
1.14941206303976 763.695440436295 5.8615510671652 1.20829404145819 593054.01 1.28470839766091 1.21374059885698
1.14941206303976 744.535308433292 5.87992928043074 1.20694334693475 590438.56 1.3065046649415 1.21379239067642
1.15948894263453 609.463167909854 7.09775814514253 1.19754109024125 580186.89 1.22717800445368 1.22717800445341
1.16292673771277 464.608424520533 7.2350667391079 1.19097803473827 589209.76 1.38657209128597 1.23104198651728
1.16844729069574 653.761865119266 7.9124518039422 1.1990418466137 564852.454444445 1.21604179065866 1.23801452904572
1.16225064036555 816.424680976798 7.52092996450551 1.20422094207202 565654.41 1.25231079854012 1.23085881528503
1.16206843845702 673.601677860067 7.27978091811813 1.20017566646089 563450.401111111 1.24495742399021 1.23022830223268
1.16051217761643 443.969658402614 7.41083595082675 1.18931850399645 583848.81 1.37691636771049 1.22884088663254
1.15285960532162 581.328029736312 6.89481308856437 1.19120042133825 568943.346944444 1.23667306538358 1.21983422137718
1.16158634964154 510.964116667621 7.00921686386087 1.19303914476442 593747.3025 1.21604179065866 1.2291951964147
1.16641470541207 745.428776258899 6.86950708681066 1.21000099510637 554876.01 1.25231079854012 1.23395392228565
1.15548317276381 775.473317649861 7.2350667391079 1.19891914920347 565153.121111112 1.21604179065866 1.22325026587162
1.16925725113387 435.637572186584 8.01100026627794 1.18781675956056 575625.69 1.2649391500429 1.23902118991348
1.15683744867132 651.885627598293 7.21863423428668 1.19297502026324 587292.3225 1.18537581655931 1.22463685791001
1.1709834387168 809.328603200688 7.9529432713273 1.20746482061667 571687.21 1.25231079854012 1.24073919942681
1.15861108701846 467.125051769993 7.12262385140814 1.19114639986469 584919.04 1.25892541179417 1.22630824717861
1.16270853719899 619.609957045245 7.27978091811813 1.19689228939748 567009 1.2755490616774 1.23089839126956
1.16633413613237 593.251837444158 7.36876893214866 1.19946941876394 566507.111111112 1.21604179065866 1.23486045443274
1.16597476536717 666.865495772422 7.1879561338841 1.20718599208377 554478.801111111 1.18537581655931 1.23414128442339
1.15838708445589 771.639554638088 6.23398432948682 1.2105864539697 581025.0625 1.24495742399021 1.22409358150494
1.15385676974784 675.694831520594 7.14518854392786 1.19368834845025 559504 1.23667306538358 1.22137662912884
1.15881401411693 501.123186006952 6.83260846625431 1.19198743564807 573427.5625 1.22717800445368 1.22592983807927
1.16011683894965 462.259436947675 7.04712829388 1.18937412424901 564451.69 1.24495742399021 1.22773437904699
1.16206843845702 577.851263005588 7.390925540133 1.19361416253299 573503.29 1.23667306538358 1.23043445433188
1.15706721022237 636.216583013641 7.2350667391079 1.19554629909657 567887.840277777 1.23667306538358 1.2249084867781
1.16137302035676 549.575202632744 7.56691118871825 1.19085749646182 582779.56 1.21604179065866 1.23001999549838
1.15727533477581 659.404437153584 7.04712829388 1.19992546009179 578132.1225 1.21604179065866 1.22476171330885
1.16624449051035 754.388697345501 7.29316634349895 1.20987164734713 561525.4225 1.2649391500429 1.23462520062194
1.16442350830522 701.319555710952 7.69746613551224 1.20014964949413 569270.25 1.21604179065866 1.23344085875405
1.16330437395712 624.848351038507 7.00921686386087 1.20056464064902 571510.800277777 1.22717800445368 1.23099216620953
1.15861108701846 689.656209991854 6.84645799484063 1.20652588742414 556814.44 1.20254960379684 1.22574702248751
1.16952928169757 628.357101777181 7.83806991537929 1.2014488087677 573049 1.21604179065866 1.23902770185342
1.1589152250264 745.428776258899 6.96129063869647 1.20314804097194 566783.1225 1.22717800445368 1.22630381748901
1.16705168725136 765.416305255672 7.84614603909286 1.20685913798102 574589.266944445 1.24495742399021 1.23644341220197
1.15580329636023 609.463167909854 7.2350667391079 1.190658100085 574412.41 1.23667306538358 1.22358538554297
1.15684791120802 612.289728316715 6.96129063869647 1.19264168569117 580644 1.2649391500429 1.22414165455982
1.15727533477581 612.107200451085 7.390925540133 1.19085749646182 583237.69 1.21604179065866 1.22541484141548
1.15316047844054 744.535308433292 6.33063787537543 1.20760377744414 584052.587777777 1.20254960379684 1.21888152671724
1.15480537708148 614.116289561443 7.14518854392786 1.19175593480623 583084.96 1.20254960379684 1.22236942062515
1.16137302035676 794.04980329488 7.27978091811813 1.20461985487963 568566.267777777 1.22717800445368 1.2295002926597
1.15827477379743 531.406721891165 6.98413473540908 1.19606483601588 571082.49 1.22717800445368 1.22568052694123
1.1611686909636 681.130943636889 7.25744237130011 1.20254960379684 568918.204444445 1.16158634964154 1.22924426258657
1.16522228797481 676.551923736559 7.25744237130011 1.20577318810389 567209.817777777 1.25892541179417 1.23348742421381
1.17230522458405 387.329252967161 7.550871390398 1.18883438000817 581965.551111112 1.34757588411321 1.24144462202406
1.16126607587261 652.729648492431 6.82567803123103 1.20403522527938 552123.3025 1.2649391500429 1.22847838215387
1.16070889145425 541.150566891961 7.36876893214866 1.19029392764145 583034.054444445 1.24495742399021 1.2289701934134
1.1527477911549 766.708043098181 6.25580139370246 1.20874100068419 583084.96 1.20254960379684 1.21826592549644
1.16488384811873 534.244424465877 7.12262385140814 1.19845651522501 578765.921111112 1.24495742399021 1.23287175769148
1.15706721022237 634.362111244159 7.41083595082675 1.1941880512856 583696 1.20254960379684 1.22523284699775
1.15737913096796 611.103714128981 7.09775814514253 1.19705648351756 570780.25 1.21604179065866 1.22497043290656
1.15548317276381 663.272141532791 7.14518854392786 1.1929119978837 570276.694444445 1.23667306538358 1.22307877535692
1.16549533411778 587.770143166192 7.61056338187171 1.19522636115646 572594.89 1.2649391500429 1.234415163729
1.16070889145425 467.938109632814 6.96129063869647 1.1884594112925 581253.76 1.32776097499935 1.2281797054015
1.1604135826157 563.681283556733 7.05469740032459 1.19510243983395 579374.694444445 1.20254960379684 1.22805994822446
1.15451256352967 624.019979833264 7.17581510092983 1.1913981027967 572645.337777777 1.23667306538358 1.22212178612758
1.15316047844054 647.392090244787 6.96129063869647 1.1941880512856 571006.9225 1.25231079854012 1.22028481860779
1.16488384811873 881.72329901519 7.69024446555237 1.20837637182793 572191.387777777 1.22717800445368 1.23391108423856
1.16206843845702 498.362378980002 7.07511218538085 1.19454744085685 574008.267777777 1.20254960379684 1.22983192966879
1.16216440184956 703.449165407752 7.12262385140814 1.20924799550052 575625.69 1.31246095365662 1.23002636113462
1.18179496707609 339.179616839306 7.84614603909286 1.19612033915617 566155.921111111 1.31794413091743 1.25189900290441
1.15861108701846 672.5561448934 6.83953511813984 1.20329677064031 557635.5625 1.22717800445368 1.22573237838307
1.16579428774248 486.143753763801 7.58438829721213 1.19103821706404 573503.29 1.23667306538358 1.234682831365
1.15385676974784 748.708753031986 6.35467714141732 1.20751117332516 584919.04 1.21604179065866 1.21966675557937
1.15440375499996 636.216583013641 6.82567803123103 1.19851529335155 594595.21 1.21604179065866 1.22130451679882
1.17017447893032 581.143721113332 7.8756276746979 1.20075973962664 572973.3025 1.21604179065866 1.23976576216857
1.15861108701846 705.484555556233 6.82567803123103 1.20628542637057 553957.680277777 1.22717800445368 1.22570297801922
1.16870639906717 747.614741720602 7.14518854392786 1.21468996309678 583415.900277778 1.2649391500429 1.23691581365961
1.17195465257826 576.961224432732 7.96712450717374 1.2025395817567 574791.4225 1.36163925053494 1.24178042855185
1.16216440184956 600.473974018777 7.80535754628794 1.19316719764675 579171.734444444 1.22717800445368 1.23125253577442
1.15252354268845 627.889740413151 6.75384007406487 1.19720389324703 558357.654444444 1.21604179065866 1.21918603870486
1.16789958313861 489.455673415788 7.65190844818529 1.19175593480623 573730.5025 1.21604179065866 1.2370059178345
1.1564069291234 760.387450288714 7.0319769309247 1.19946941876394 565704.551111111 1.21604179065866 1.22382299804269
1.15116035264113 641.793911700968 6.40021743135673 1.19829057247455 555844.8025 1.20254960379684 1.21696185028486
1.16460805929671 829.894144566737 6.8025491557835 1.21543086275188 572191.387777777 1.20254960379684 1.23192188324232
1.16497550271473 543.750165936207 7.32212282987394 1.19565817357813 584919.04 1.20254960379684 1.23335116251786
1.16358608037241 483.666140874806 7.24998795956143 1.19390709839787 592053.3025 1.23667306538358 1.23176056821218
1.15861108701846 630.382856016119 7.32212282987394 1.19846491545433 561300.64 1.20254960379684 1.22668762290161
1.16000767059855 678.553616095385 7.14518854392786 1.20259468334949 569119.36 1.24495742399021 1.22781369912133
1.16789958313861 571.810600964311 7.5011773466144 1.20065763920668 563775.7225 1.29277351476538 1.23674105167423
1.1616830719545 673.601677860067 7.37615844941524 1.20561584266339 568289.8225 1.35725242314781 1.23000387478048
1.15921785405168 784.585742364446 6.8025491557835 1.21175448414744 580694.801111111 1.21604179065866 1.22628789096237
1.1589152250264 666.013686269788 7.36876893214866 1.20030039895907 575322.25 1.32543337331153 1.22709189183098
1.1737214408568 793.246641630044 7.9068752637797 1.21122307700062 566783.1225 1.24495742399021 1.24353570339138
1.16291726689263 761.68986324208 7.36876893214866 1.20310122512551 556143.0625 1.29647344347637 1.23128268461047
1.16470012683308 541.150566891961 7.06150585920998 1.19818328045755 579044.9025 1.25231079854012 1.2325578123193
1.16084131610192 577.450672886063 7.21041042523248 1.19431378601902 581406.25 1.22717800445368 1.22881208411998
1.15672224194887 669.992788317656 6.68626236024078 1.20489567651406 568968.49 1.18537581655931 1.22342685287011
1.16411777886042 766.708043098181 7.53554354070224 1.21027665362851 568340.080277777 1.20254960379684 1.23284064015011
1.16147977805693 541.064005554647 7.5887541860949 1.19316719764675 582219.867777777 1.21604179065866 1.23016980166977
1.15861108701846 803.25483825384 6.91777522080477 1.20577318810389 565453.867777778 1.22717800445368 1.2258961950118
1.15461032489457 655.828395032851 7.1879561338841 1.19155937990912 582932.25 1.21604179065866 1.22224729295029
1.16031482819145 615.945182090851 7.20480038591154 1.19398606407989 587726.667777777 1.23667306538358 1.22825028700749
1.16031482819145 601.288807281167 6.79483011838093 1.20034711022441 552494.89 1.23667306538358 1.22741794197086
1.15796741609913 570.658867261455 7.16771493075145 1.19316719764675 586245.444444445 1.21604179065866 1.22572217303557
1.17335770820129 877.383296464489 8.18522751663617 1.21186168070856 561100.871111111 1.25892541179417 1.24359269373106
1.16411777886042 714.013348386275 7.69746613551224 1.20034711022441 568415.471111111 1.23667306538358 1.23312042858984
1.16606480552289 856.272700045273 7.80535754628794 1.20643169747669 576992.16 1.20254960379684 1.23534169221395
1.17262955940429 569.065802327753 7.78384376784425 1.20169201254379 562600.004444445 1.24495742399021 1.24218746689914
1.15548317276381 843.667367851476 7.26489266246339 1.19710565842396 584460.25 1.21604179065866 1.22330624742093
1.15807004096894 642.632309937773 6.70960639976236 1.202984033851 573200.41 1.33836307430773 1.22488662746168
1.1799626837316 314.377346439539 7.89803980411005 1.19418161490375 565779.766944444 1.24495742399021 1.25006468226736
1.1521856078291 626.875240755756 6.68626236024078 1.19363065586471 554131.36 1.25892541179417 1.21868626353738
1.16591036999072 833.774785052603 7.7385602379712 1.2078807830388 574185.0625 1.21604179065866 1.23506856423963
1.16870639906717 658.36841004357 7.90533653517521 1.20009758339038 564977.7225 1.20254960379684 1.23827473242605
1.15948894263453 775.473317649861 6.77937785849588 1.21119719959774 578816.64 1.21604179065866 1.22652142078032
1.16531343848328 741.65948114949 7.52092996450551 1.20422094207202 560277.200277778 1.23667306538358 1.23406732311809
1.16470012683308 670.846774374079 6.82567803123103 1.20977334589651 557585.780277778 1.2755490616774 1.23206795890662
1.15717136140127 608.643603652412 7.07511218538085 1.1941880512856 580339.24 1.21604179065866 1.2247084358498
1.16270853719899 730.597657103347 6.94069638561769 1.2108508034343 561050.934444444 1.23667306538358 1.23022840357818
1.15229846212905 654.888716753062 6.94756478843466 1.19367104623681 584944.533611112 1.18537581655931 1.2193553394088
1.1731690308503 875.330709870635 8.22916892534573 1.21110092381744 555621.16 1.23667306538358 1.24346122202004
1.15081470970347 733.84954052119 6.83087621247897 1.1936840233436 554205.8025 1.23667306538358 1.21756302701475
1.16402483159501 647.392090244787 7.12262385140814 1.20065763920668 564301.44 1.25231079854012 1.23197297247241
1.16311584703225 801.20534606838 6.66287435215892 1.21154607280013 576688.36 1.34757588411321 1.23005476557091
1.16126607587261 575.182911538361 7.43347667369865 1.19233309307333 580948.84 1.27045434332056 1.2296714105638
1.15861108701846 647.392090244787 7.00921686386087 1.19946941876394 579577.69 1.20254960379684 1.22608307117881
1.15672224194887 851.378626736708 6.56887614902031 1.21419121673114 573149.937777778 1.18537581655931 1.22316317283332
1.16549533411778 459.189180392282 7.43292490295515 1.18974366842841 585760.6225 1.21604179065866 1.23409977638457
1.16158634964154 478.727201310934 6.76235843782416 1.1941880512856 571536 1.23667306538358 1.22867662214028
1.16421985825682 674.647906787225 7.34657639299938 1.20590163574032 548636.49 1.25892541179417 1.23260557832552
1.17195465257826 738.590597087182 8.25004904135644 1.20543895982334 566858.41 1.21604179065866 1.24221817982103
1.1717909144835 554.201899537884 7.7601415684638 1.20009758339038 561400.537777778 1.22717800445368 1.24126855517845
1.15838708445589 575.982861194442 7.45718199866708 1.1913981027967 582779.56 1.22717800445368 1.22669842041177
1.16011683894965 544.357507170239 6.99040980936967 1.19522636115646 595366.56 1.23667306538358 1.22761997262241
1.16376382650367 844.71475120954 7.2350667391079 1.20936961560232 562275.0225 1.27045434332056 1.23191815822865
1.16411777886042 760.387450288714 7.08266517001178 1.21098256808745 584536.7025 1.20254960379684 1.23199095702288
1.15827477379743 710.049081760697 6.96129063869647 1.20004026106137 574589.266944445 1.20254960379684 1.22563399170258
1.16261342420493 851.010742220838 7.28647528586057 1.20248443215069 567335.346944445 1.28028424685101 1.23081142697429
1.1556967755895 615.762187958334 6.75384007406487 1.19992546009179 572065.3225 1.20254960379684 1.22250275448223
1.16216440184956 772.748490683128 7.45718199866708 1.20284952949598 554280.25 1.21604179065866 1.23065496903368
1.15978874651812 626.045718574596 7.390925540133 1.19413654176567 572443.56 1.23667306538358 1.22804708693764
1.16393174310054 699.579206455571 7.34657639299938 1.20403522527938 579882.25 1.33219587535135 1.23230391276364
1.1669597904386 745.428776258899 7.74575761182212 1.20600610491565 574210.321111112 1.2755490616774 1.23618062264886
1.16470012683308 623.192079635449 7.2350667391079 1.2023991063023 564451.69 1.2649391500429 1.23289815681169
1.15881401411693 618.60121518084 7.05469740032459 1.20009758339038 572443.56 1.21604179065866 1.22638653410339
1.15706721022237 560.338089181517 6.23398432948682 1.19978428217557 584766.09 1.18537581655931 1.22271687624104
1.16242275352612 701.319555710952 7.58147695268232 1.19908949792123 575752.146944444 1.20254960379684 1.23114522267072
1.16097345434611 683.234083672591 7.2350667391079 1.20234383409242 568893.0625 1.20254960379684 1.22899745108186
1.15661731904457 584.008545752144 7.00086153174296 1.19155937990912 562050.09 1.21604179065866 1.22398066853684
1.18157436358933 610.283204765634 8.26881684525438 1.20867344174657 559404.271111111 1.345826823224 1.25234103660878
1.16126607587261 851.851721238163 7.33843008133724 1.20661053909 560876.173611112 1.21604179065866 1.22949773830026
1.15241110681631 684.095259953007 6.99250082670946 1.19488781716836 588800.444444444 1.22717800445368 1.21956385397745
1.1604135826157 683.234083672591 7.45718199866708 1.1991371132767 578664.49 1.23667306538358 1.2288211093708
1.1637544842932 529.86161481505 7.1879561338841 1.1941880512856 559504 1.20254960379684 1.23181775078109
1.17715059199784 551.406433680781 8.24309216747275 1.2015852634511 565804.84 1.2649391500429 1.24766022663296
1.16844729069574 477.906157612416 7.67579015798072 1.19155937990912 573957.76 1.23667306538358 1.23762090707122
1.16657552745072 778.809242316897 7.67579015798072 1.19946941876394 564001 1.2755490616774 1.2356593745119
1.15512907950437 573.584441889779 6.56101031713226 1.19482555261428 569471.467777777 1.21604179065866 1.2214812011769
1.1595890409839 458.302058856855 6.89481308856437 1.1904944843672 575929.21 1.18537581655931 1.22687106737705
1.16242275352612 771.438003233707 7.29985409733742 1.20585884873998 562425.0025 1.24495742399021 1.23063693289438
1.15672224194887 803.25483825384 6.59244328436314 1.21070554695812 585684.09 1.20254960379684 1.22321685492392
1.15672224194887 642.632309937773 6.98413473540908 1.19403339590344 569823.684444445 1.21604179065866 1.22405662867475
1.15827477379743 707.425365064672 6.82567803123103 1.20741379355775 557312.017777777 1.21604179065866 1.22535140078642
1.16450662502642 609.463167909854 7.32267908075036 1.19642611512166 574715.61 1.20254960379684 1.2328613150284
1.16641470541207 823.769373878377 7.78384376784425 1.20653435767049 576992.16 1.3065046649415 1.23567286402023
1.15418555159262 650.198990127738 6.89481308856437 1.19437655919549 587368.96 1.21604179065866 1.22122081458814
1.16158634964154 676.647184947289 7.25744237130011 1.20268474625057 568968.49 1.18537581655931 1.22968146816897
1.1775487807289 719.118168489488 8.24170041332125 1.20815658686955 553684.81 1.23667306538358 1.2480759496084
1.16321018306383 742.749750684853 7.67579015798072 1.20284952949598 561600.36 1.22717800445368 1.23213246097848
1.16281299103188 773.656309599977 6.91777522080477 1.2108508034343 557884.506944445 1.25231079854012 1.23028999161181
1.15252354268845 631.399783471358 6.56887614902031 1.19614807238657 559504 1.22717800445368 1.2187776141135
1.16393174310054 762.491822888792 7.53554354070224 1.21018786181088 568214.44 1.20254960379684 1.23264574662546
1.15285960532162 662.42230289168 6.86950708681066 1.1941880512856 587420.054444444 1.20254960379684 1.21978180938434
1.1584991886036 681.130943636889 6.73057870439975 1.20432821410906 539294.401111112 1.21604179065866 1.22538104248232
1.16302136540256 680.36685449129 7.04712829388 1.19934830354614 574210.321111112 1.345826823224 1.23077280326357
1.17383086088091 442.380404825594 7.65987347213786 1.19796814722029 583899.751111111 1.20254960379684 1.24323471314432
1.1589152250264 673.601677860067 6.75384007406487 1.2044596185161 538682.6025 1.22717800445368 1.22586650932011
1.16747898185275 567.12131551787 7.56691118871825 1.19539495233381 570327.04 1.23667306538358 1.23641720623762
1.15706721022237 683.234083672591 6.84645799484063 1.20600610491565 573856.751111111 1.21604179065866 1.22413293900698
1.16242275352612 538.469925642446 7.5011773466144 1.1913981027967 584256.401111112 1.28470839766091 1.23100414080073
1.16187605877032 665.162343412663 7.16771493075145 1.20268474625057 562450.001111112 1.25231079854012 1.22981271674069
1.15548317276381 646.364197842436 7.09775814514253 1.19244789038629 582474.24 1.18537581655931 1.22298654577449
1.16825658164865 669.992788317656 6.86950708681066 1.20571125010166 543734.180277777 1.28470839766091 1.23587933761167
1.16242275352612 686.20231437466 7.09775814514253 1.19753024103244 572140.96 1.25892541179417 1.23024760371174
1.17071588478152 933.251552322647 8.14536127445572 1.2107927405697 556391.673611112 1.21604179065866 1.24076002697642
1.15748275059636 645.33700551647 7.1879561338841 1.19671118017879 575195.840277778 1.21604179065866 1.22525381348672
1.17737569038642 728.32080878051 8.21662715340546 1.20856806257339 553784.027777778 1.22717800445368 1.24785631216503
1.16349232215706 674.647906787225 6.68626236024078 1.20703211322465 569723.04 1.21604179065866 1.23050046405585
1.15181169134828 633.435745489102 7.09096844704647 1.19600372598646 555521.777777777 1.27045434332056 1.21913136254214
1.1717909144835 590.373475037387 7.29985409733742 1.20628542637057 566005.444444444 1.22717800445368 1.24044373286785
1.16739979761796 537.520101989098 7.45718199866708 1.19787109727022 586143.36 1.21604179065866 1.2361383182086
1.15116035264113 707.279725091622 6.94069638561769 1.19413654176567 584766.09 1.33636685932476 1.21815098578473
1.16176757864376 551.373710234381 7.4033729260011 1.19437655919549 560476.8225 1.21604179065866 1.23014208476074
1.15580329636023 573.584441889779 6.59244328436314 1.19504038750103 569798.5225 1.18537581655931 1.22225696165455
1.16031482819145 727.941630201516 6.22589349817423 1.21145903330297 578030.746944444 1.21604179065866 1.22608359616566
1.15385676974784 652.729648492431 6.82567803123103 1.19504038750103 567134.506944444 1.21604179065866 1.22073265551137
1.15181169134828 622.364650534402 6.68626236024078 1.19689228939748 558307.84 1.18537581655931 1.21829551673811
1.17148684816036 614.116289561443 7.9529432713273 1.20249446292689 574589.266944445 1.27045434332056 1.24126710850101
1.15827477379743 766.708043098181 7.09775814514253 1.20489567651406 568516 1.20254960379684 1.22590758727847
1.15512907950437 637.051852117558 6.75384007406487 1.19671118017879 547896.04 1.21604179065866 1.22190940506143
1.17737569038642 463.149831545379 7.93377697413873 1.19978428217557 575372.817777777 1.21604179065866 1.24741103615292
1.15838708445589 578.920085324282 6.77937785849588 1.19661217339866 569169.654444444 1.21604179065866 1.22536975128808
1.16265148714476 588.416027479552 7.83327782111707 1.19264168569117 578664.49 1.21604179065866 1.23180888825985
1.1637544842932 737.700652383147 7.09775814514253 1.2038342343202 568365.21 1.24495742399021 1.23164091381661
1.16216440184956 658.36841004357 7.17783937419809 1.2008316434787 555472.09 1.20254960379684 1.23013409855348
1.16337492215544 634.13046541378 6.73057870439975 1.20403522527938 546515.204444445 1.22717800445368 1.23047609964032
1.16187605877032 586.783962551334 7.390925540133 1.19186882399295 585378.01 1.27045434332056 1.2302329920514
1.16225064036555 614.116289561443 7.27978091811813 1.19801661623365 567285.133611111 1.27045434332056 1.23041904161302
1.1556967755895 660.441162345211 6.63709637615702 1.2006008230203 570981.734444444 1.20254960379684 1.22224619661477
1.15787490573375 631.399783471358 7.25744237130011 1.19588132765769 567059.201111111 1.22717800445368 1.22579620136702
1.16579428774248 637.218962295407 7.84614603909286 1.19638055047362 579577.69 1.28470839766091 1.23512507458511
1.1521856078291 691.962934740097 6.94756478843466 1.1913981027967 586756 1.21604179065866 1.21923729935586
1.1690416164432 641.607664686451 7.36876893214866 1.20162595102083 551801.361111111 1.2649391500429 1.23769526569402
1.15349304186287 691.866755306641 5.98625087225374 1.21163733658505 590105.633611111 1.18537581655931 1.21833862181726
