0.620879120879121 0.895941727367326 0.917808219178082 0.603174603174603 0.62088278139494
0.564468864468864 0.751647589316684 0.575342465753425 0.526984126984127 0.564471411391567
0.844322344322344 0.928893513701006 0.575342465753425 0.942857142857143 0.844323508549198
0.775824175824176 0.966701352757544 0.452054794520548 0.901587301587302 0.775826726425035
0.83040293040293 0.88380159556018 0.452054794520548 0.990476190476191 0.830403582643631
0.567765567765568 0.887963926465487 0.452054794520548 0.752380952380952 0.567769521404929
0.414652014652014 0.637530350329518 0.931506849315068 0.568253968253968 0.414654928784915
0.473260073260073 0.404439819632327 0.931506849315068 0.701587301587302 0.47325900595786
0.275091575091575 0.0305237599722511 0.931506849315068 0.365079365079365 0.275082166840785
0.411721611721612 0.475546305931322 0.931506849315068 0.441269841269841 0.411722653174266
0.548351648351648 0.359347901491502 0.931506849315068 0.317460317460317 0.548348095282423
0.413553113553114 0.608394033992369 0.931506849315068 0.441269841269841 0.413555733191961
0.36959706959707 0.523759972251127 0.931506849315068 0.53015873015873 0.369599206536503
0.391575091575092 0.782171349288935 0.136986301369863 0.488888888888889 0.391579222455069
0.445421245421245 0.712799167533819 0.136986301369863 0.419047619047619 0.445424372055531
0.349450549450549 0.774887270204648 0.136986301369863 0.473015873015873 0.349454823059999
0.386446886446886 0.840443981963233 0.136986301369863 0.574603174603175 0.386451481943463
0.406593406593407 0.559833506763788 0.136986301369863 0.396825396825397 0.406595310706043
0.210989010989011 0.663198057578911 0.136986301369863 0.482539682539683 0.210992783749718
0.31025641025641 0.67741935483871 0.136986301369863 0.419047619047619 0.310260140889532
0.252747252747253 0.339576829691294 0.136986301369863 0.273015873015873 0.252748377445734
0.397435897435897 0.588969823100936 0.136986301369863 0.463492063492064 0.39743822128267
0.462271062271062 0.419354838709677 0.136986301369863 0.323809523809524 0.46227017319772
0.341758241758242 0.37911897329171 0.136986301369863 0.301587301587302 0.341758699376976
0.382417582417583 0.503295178633368 0.136986301369863 0.336507936507937 0.382419109091332
0.263369963369963 0.496011099549081 0.136986301369863 0.282539682539683 0.263372531376526
0.341758241758242 0.55497745404093 0.136986301369863 0.368253968253968 0.341760748530835
0.427472527472527 0.469302809573361 0.136986301369863 0.311111111111111 0.427472999300015
0.591575091575092 0.624696496704821 0.136986301369863 0.425396825396825 0.591575320964369
0.657142857142857 0.653139091224419 0.136986301369863 0.507936507936508 0.657142463340014
0.305128205128205 0.284772806104752 0.136986301369863 0.244444444444444 0.30512779526708
0.436630036630037 0.616371834894207 0.136986301369863 0.301587301587302 0.436632242748388
0.391941391941392 0.10752688172043 0.136986301369863 0.26031746031746 0.391933283912404
0.300732600732601 0.432188692334374 0.136986301369863 0.257142857142857 0.30073424078099
0.445421245421245 0.363163371488033 0.136986301369863 0.26984126984127 0.445419646044501
0.385714285714286 0.732917100242803 0.383561643835617 0.441269841269841 0.385718180846214
0.352014652014652 0.672910163024627 0.383561643835617 0.476190476190476 0.352018250410778
0.355311355311355 0.764481442941381 0.383561643835617 0.507936507936508 0.355315647509685
0.397802197802198 0.717308359347901 0.383561643835617 0.625396825396825 0.397805883185394
0.628205128205128 0.918834547346514 0.506849315068493 0.819047619047619 0.628208843309676
0.785347985347985 1 0.506849315068493 0.949206349206349 0.785350860720253
0.692307692307692 0.900797780090184 0.561643835616438 0.685714285714286 0.692310513372318
0.472161172161172 0.867152271938953 0.561643835616438 0.644444444444444 0.472165714519538
0.487545787545788 0.810613943808533 0.561643835616438 0.625396825396825 0.487549709721402
0.435531135531135 0.737426292056885 0.561643835616438 0.514285714285714 0.435534779693798
0.293772893772894 0.714533472077697 0.561643835616438 0.453968253968254 0.293777063238137
0.331868131868132 0.577870274020118 0.561643835616438 0.476190476190476 0.331871083877197
0.421245421245421 0.416579951439473 0.561643835616438 0.368253968253968 0.421245386309008
0.19010989010989 0 0.561643835616438 0.298412698412698 0.0394167455113161
0.264468864468865 0.506763787721124 0.561643835616438 0.457142857142857 0.264471634488504
0.396703296703297 0.602150537634409 0.712328767123288 0.466666666666667 0.396705976007104
0.452380952380952 0.741588622962192 0.712328767123288 0.492063492063492 0.452384536397262
0.597435897435897 0.885535900104058 0.712328767123288 0.634920634920635 0.597439630520396
0.40952380952381 0.77627471383975 0.712328767123288 0.584126984126984 0.409528002951268
0.369230769230769 0.555324314949705 0.123287671232877 0.441269841269841 0.369233010317235
0.867765567765568 0.901838362816511 0.561643835616438 0.965079365079365 0.867765972469643
0.55054945054945 0.868539715574055 0.643835616438356 0.625396825396825 0.550553427353184
0.709157509157509 0.931668400971211 0.945205479452055 0.844444444444444 0.709160619528412
0.463369963369963 0.830731876517516 0.315068493150685 0.580952380952381 0.463374162206559
0.383516483516483 0.748872702046479 0.315068493150685 0.463492063492064 0.383520497392258
0.315384615384615 0.612556364897676 0.315068493150685 0.434920634920635 0.315387909495972
0.397802197802198 0.567811307665626 0.315068493150685 0.349206349206349 0.397804395222576
0.577289377289377 0.835241068331599 0.315068493150685 0.546031746031746 0.577292620218318
0.689377289377289 0.739160596600763 0.315068493150685 0.634920634920635 0.689377872490144
0.814652014652015 0.789455428373222 0.465753424657534 0.888888888888889 0.814651465810913
0.516483516483516 0.906694415539369 0.808219178082191 0.587301587301587 0.516488163923475
0.332234432234432 0.71349288935137 0.808219178082191 0.457142857142857 0.332238522486541
0.365567765567766 0.787721123829344 0.424657534246575 0.53968253968254 0.365572198832447
0.261538461538462 0.61463753035033 0.424657534246575 0.393650793650794 0.261542018355301
0.368131868131868 0.763787721123829 0.424657534246575 0.504761904761905 0.368136112461658
0.563003663003663 0.835587929240375 0.383561643835617 0.60952380952381 0.563007091383357
0.395970695970696 0.725979882067291 0.383561643835617 0.53015873015873 0.395974468584395
0.434065934065934 0.877211238293444 0.383561643835617 0.565079365079365 0.434070721848849
0.5 0.807145334720777 0.383561643835617 0.584126984126984 0.500003724962021
0.51025641025641 0.833506763787721 0.452054794520548 0.606349206349206 0.510260330197999
0.515018315018315 0.758584807492196 0.452054794520548 0.520634920634921 0.515021431501857
0.512454212454212 0.653485952133195 0.452054794520548 0.476190476190476 0.512456152023244
0.461538461538461 0.712452306625043 0.452054794520548 0.501587301587302 0.461541611192729
0.495238095238095 0.640652098508498 0.452054794520548 0.514285714285714 0.495240086805036
0.364102564102564 0.753035032951786 0.452054794520548 0.485714285714286 0.364106752392015
0.676556776556777 0.885189039195283 0.410958904109589 0.73015873015873 0.67655952954371
0.636996336996337 0.818244883801596 0.410958904109589 0.6 0.636998757042699
0.520879120879121 0.835587929240375 0.410958904109589 0.628571428571429 0.520882954628627
0.471428571428571 0.808185917447104 0.410958904109589 0.568253968253968 0.471432548878477
0.552747252747253 0.734998265695456 0.47945205479452 0.6 0.552749705862883
0.641025641025641 0.842178286507111 0.47945205479452 0.685714285714286 0.641028333960992
0.415750915750916 0.622615331252168 0.47945205479452 0.555555555555556 0.415753576489521
0.454578754578755 0.775927852930975 0.47945205479452 0.546031746031746 0.454582586650527
0.779120879120879 0.877904960110996 0.575342465753425 0.59047619047619 0.779122266670854
0.805494505494505 0.870967741935484 0.575342465753425 0.752380952380952 0.805495408956644
0.563003663003663 0.763093999306278 0.575342465753425 0.558730158730159 0.563006360692978
0.558608058608059 0.784252514741589 0.575342465753425 0.53968253968254 0.558611045904902
0.572161172161172 0.785639958376691 0.52054794520548 0.568253968253968 0.572164009273628
0.487545787545788 0.853277835587929 0.52054794520548 0.634920634920635 0.487550091311325
0.501465201465201 0.701352757544225 0.52054794520548 0.495238095238095 0.501467854417411
0.639194139194139 0.838015955601804 0.547945205479452 0.742857142857143 0.639196831361539
0.46996336996337 0.675338189386056 0.547945205479452 0.520634920634921 0.469966074027976
0.928937728937729 0.922650017343045 0.547945205479452 0.895238095238095 0.928937472340325
0.676556776556777 0.944849115504683 0.547945205479452 0.714285714285714 0.676560286305036
0.696336996336996 0.85397155740548 0.547945205479452 0.682539682539683 0.69633917855437
0.558608058608059 0.741935483870968 0.150684931506849 0.431746031746032 0.55861031825301
0.46043956043956 0.802636142906694 0.150684931506849 0.453968253968254 0.460443421388297
0.471428571428571 0.699965313909122 0.150684931506849 0.479365079365079 0.471431330762611
0.355677655677656 0.602497398543184 0.150684931506849 0.46031746031746 0.35568050722436
0.35018315018315 0.640998959417274 0.150684931506849 0.46031746031746 0.350186386515862
0.456776556776557 0.497398543184183 0.150684931506849 0.488888888888889 0.456777006550664
0.583882783882784 0.421436004162331 0.150684931506849 0.46984126984127 0.583879534949007
0.494139194139194 0.579951439472771 0.150684931506849 0.457142857142857 0.494140250797828
0.481684981684982 0.643080124869927 0.150684931506849 0.53015873015873 0.481686992211939
0.672161172161172 0.529309746791537 0.150684931506849 0.565079365079365 0.672158322873948
0.378388278388278 0.61775927852931 0.150684931506849 0.438095238095238 0.378391084924712
0.443956043956044 0.716267776621575 0.575342465753425 0.434920634920635 0.443959422121149
0.503296703296703 0.506416926812348 0.575342465753425 0.428571428571429 0.503296773842337
0.383882783882784 0.475893166840097 0.575342465753425 0.422222222222222 0.383884131457665
0.474725274725275 0.706208810267083 0.575342465753425 0.514285714285714 0.474728270648015
0.417948717948718 0.522025667707249 0.575342465753425 0.450793650793651 0.41795022303681
0.363369963369963 0.651057925771765 0.575342465753425 0.488888888888889 0.363373351149702
0.311721611721612 0.711411723898717 0.575342465753425 0.453968253968254 0.31172572006621
0.362637362637363 0.535553243149497 0.575342465753425 0.53968253968254 0.36263964099923
0.411721611721612 0.596600763093999 0.575342465753425 0.485714285714286 0.41172405864214
0.395970695970696 0.570239334027055 0.397260273972603 0.492063492063492 0.395972968642749
0.357509157509157 0.573707943114811 0.397260273972603 0.39047619047619 0.357511830037959
0.365934065934066 0.446756850502948 0.397260273972603 0.438095238095238 0.365935224571098
0.405128205128205 0.187304890738814 0.397260273972603 0.520634920634921 0.405123285082402
0.268498168498169 0.458896982310094 0.397260273972603 0.33968253968254 0.268500466542336
0.297802197802198 0.55497745404093 0.397260273972603 0.355555555555556 0.297805142148329
0.568131868131868 0.123135622615331 0.397260273972603 0.412698412698413 0.568118134879504
0.277289377289377 0.472424557752341 0.109589041095891 0.295238095238095 0.27729161931827
0.578021978021978 0.534859521331946 0.109589041095891 0.450793650793651 0.578020963815
0.529670329670329 0.43253555324315 0.109589041095891 0.463492063492064 0.529668373563955
0.546520146520146 0.631633714880333 0.109589041095891 0.571428571428571 0.546521109356716
0.345054945054945 0.643426985778703 0.109589041095891 0.425396825396825 0.345058200992788
0.321245421245421 0.682969129379119 0.109589041095891 0.336507936507937 0.321249122740454
0.532967032967033 0.547346514047867 0.109589041095891 0.415873015873016 0.532966985734345
0.389010989010989 0.468262226847034 0.109589041095891 0.393650793650794 0.38901196578892
0.576556776556776 0.48040235865418 0.109589041095891 0.384126984126984 0.576554814313827
0.357875457875458 0.482483524106833 0.109589041095891 0.263492063492063 0.357877004264215
0.465567765567765 0.562608394033992 0.109589041095891 0.406349206349206 0.465568936350603
0.473992673992674 0.329171002428026 0.109589041095891 0.285714285714286 0.47398973206931
0.050915750915751 0.428373222337842 0.109589041095891 0.298412698412698 0.0509174697048105
0.191575091575091 0.230662504335761 0.109589041095891 0.266666666666667 0.191575616913699
0.215384615384615 0.138397502601457 0.109589041095891 0.336507936507937 0.21538306981945
0.00842490842490831 0.15227193895248 1 0.215873015873016 0.00842530503620163
0.457875457875458 0.0527228581338883 1 0.279365079365079 0.457860000820973
0.273992673992674 0.10440513354145 1 0.336507936507937 0.273988628508988
0.0168498168498169 0.491155046826223 1 0.304761904761905 0.0168507330453559
0.112087912087912 0.0443981963232742 1 0.406349206349206 0.112086357577737
0.262637362637363 0.0863683662851196 1 0.33015873015873 0.262632879577898
0.454945054945055 0.324661810613944 1 0.523809523809524 0.454942754824805
0.191941391941392 0.579604578563996 1 0.463492063492064 0.191944831216836
0.0483516483516482 0.608047173083593 1 0.326984126984127 0.048353621479573
0.303663003663004 0.648283038501561 1 0.457142857142857 0.303666743372245
0.457509157509157 0.520985084980923 1 0.380952380952381 0.457510207549319
0.465934065934066 0.544224765868887 1 0.336507936507937 0.465935318745685
0.143589743589744 0.547693374956642 1 0.257142857142857 0.143592857628422
0.755677655677655 0.508844953173777 1 0.612698412698413 0.755673021534561
0.434432234432234 0.909469302809573 1 0.580952380952381 0.434437400797244
0.597069597069597 0.845646895594866 1 0.698412698412698 0.597072965734723
0.501831501831502 0.812348248352411 1 0.561904761904762 0.501835416003993
0.356776556776557 0.877904960110996 1 0.634920634920635 0.356781729391217
0.447252747252747 0.664932362122789 1 0.596825396825397 0.447255653365218
0.365201465201465 0.72840790842872 1 0.596825396825397 0.365205550431248
0.527106227106227 0.64758931668401 1 0.549206349206349 0.527108042664259
0.557509157509158 0.68366285119667 1 0.393650793650794 0.557511051359439
0.364468864468864 0.676031911203607 1 0.447619047619048 0.364472525329115
0.366300366300366 0.568158168574402 1 0.574603174603175 0.366303014155861
0.253479853479854 0.651404786680541 1 0.59047619047619 0.25348372944653
0.562637362637363 0.559139784946237 1 0.558730158730159 0.562637411256466
0.358608058608059 0.75511619840444 0.73972602739726 0.774603174603175 0.35861234347876
0.61025641025641 0.734304543877905 0.73972602739726 0.577777777777778 0.610258224689091
0.417582417582417 0.88380159556018 0.73972602739726 0.622222222222222 0.417587420280125
0.525641025641026 0.718002081165453 0.73972602739726 0.79047619047619 0.525643662434943
0.725274725274725 0.850502948317725 0.73972602739726 0.990476190476191 0.725276547453313
0.769230769230769 0.828650711064863 0.73972602739726 0.873015873015873 0.769231660139078
0.463003663003663 0.893860561914672 0.73972602739726 0.679365079365079 0.463008524757629
0.833333333333333 0.806451612903226 0.575342465753425 0.780952380952381 0.833332804351079
0.616483516483516 0.740894901144641 0.575342465753425 0.857142857142857 0.616485285900587
0.265201465201465 0.901491501907735 0.575342465753425 0.787301587301587 0.265206636710517
0.466300366300366 0.871661463753035 0.575342465753425 0.949206349206349 0.46630498744682
0.696703296703297 0.583766909469303 0.575342465753425 0.80952380952381 0.69670131520888
0.613919413919414 0.612556364897676 0.575342465753425 0.996825396825397 0.613919379671358
0.844322344322344 0.836975372875477 0.575342465753425 0.828571428571429 0.844322124308017
0.758608058608058 0.9105098855359 0.931506849315068 0.765079365079365 0.758610287123672
0.680952380952381 0.881720430107527 0.931506849315068 0.898412698412698 0.680955217757712
0.841758241758242 0.891779396462019 0.931506849315068 0.803174603174603 0.84175903365445
0.703296703296703 0.906000693721818 0.931506849315068 0.93968253968254 0.703299569217394
0.631501831501831 0.969129379118973 0.931506849315068 0.949206349206349 0.631506165862128
0.881684981684982 0.894207422823448 0.931506849315068 0.885714285714286 0.881685192863512
0.815750915750916 0.916753381893861 0.876712328767123 0.606349206349206 0.815752432835101
0.876923076923077 0.927159209157128 0.876712328767123 0.558730158730159 0.876923845454331
0.767399267399267 0.77003121748179 0.684931506849315 0.615873015873016 0.767399280746636
0.826007326007326 0.83905653832813 0.684931506849315 0.555555555555556 0.826007480084959
0.46959706959707 0.9105098855359 1 0.615873015873016 0.469602075761614
1 0.914325355532431 1 0.476190476190476 0.999998590717192
0.37032967032967 0.810960804717308 1 0.53015873015873 0.370334355580098
0.529670329670329 0.960804717308359 0.465753424657534 0.453968253968254 0.529675270779692
0.330769230769231 0.936524453694069 0.465753424657534 0.552380952380952 0.330774683584086
0.433699633699634 0.691640652098509 0.465753424657534 0.733333333333333 0.433702828415832
0.16996336996337 0.688172043010753 0.465753424657534 0.593650793650794 0.169967164759262
0.395604395604396 0.442247658688866 0.465753424657534 0.634920634920635 0.395605110071732
0.191941391941392 0.560180367672563 0.465753424657534 0.580952380952381 0.191944681212223
0.33956043956044 0.267776621574748 0.465753424657534 0.752380952380952 0.339559205122949
0.547619047619048 0.469649670482137 0.465753424657534 0.523809523809524 0.547617695776954
0.194871794871795 0.236906000693722 0.465753424657534 0.571428571428571 0.194872448229849
0.476923076923077 0.512660423170309 0.465753424657534 0.688888888888889 0.476923615512466
0.369230769230769 0.74332292750607 0.465753424657534 0.53015873015873 0.369234861719849
0.645421245421245 0.0437044745057231 0.767123287671233 0.714285714285714 0.645393940133034
0.392307692307692 0.74020117932709 0.767123287671233 0.796825396825397 0.392311695563607
0.546886446886447 0.600069372181755 0.767123287671233 0.844444444444444 0.546887304820309
0.758608058608058 0.732570239334027 0.767123287671233 0.841269841269841 0.758607644441281
0.47032967032967 0.447103711411724 0.63013698630137 0.612698412698413 0.4703293396967
0.732234432234432 0.704474505723205 0.63013698630137 0.847619047619048 0.732233951682144
0.636630036630037 0.731876517516476 0.63013698630137 0.761904761904762 0.636631431097405
0.836263736263736 0.324314949705168 0.63013698630137 0.603174603174603 0.836251197054446
0.612454212454212 0.724245577523413 0.63013698630137 0.638095238095238 0.612455833645042
0.403296703296703 0.805064169268124 0.63013698630137 0.841269841269841 0.403301147382777
0.927472527472527 0.925078043704475 0.63013698630137 0.593650793650794 0.927472374713467
0.676190476190476 0.960110995490808 0.63013698630137 0.580952380952381 0.676194190723265
0.441758241758242 0.848074921956296 0.63013698630137 0.53968253968254 0.441762825377217
0.641391941391941 0.932708983697537 0.63013698630137 0.479365079365079 0.64139571661011
0.907692307692307 0.938258758237947 0.63013698630137 0.546031746031746 0.907692674414254
0.586446886446886 0.664585501214013 0.63013698630137 0.593650793650794 0.586448054115392
0.632234432234432 0.886576482830385 0.63013698630137 0.4 0.632237794917282
0.738827838827839 0.983003815469996 0.63013698630137 0.428571428571429 0.738831120531623
0.445054945054945 0.931668400971211 0.63013698630137 0.612698412698413 0.445060168054914
0.541391941391941 0.789455428373222 0.63013698630137 0.492063492063492 0.541395180860182
0.554212454212454 0.691293791189733 0.63013698630137 0.619047619047619 0.554214404302214
0.261172161172161 0.737773152965661 0.73972602739726 0.673015873015873 0.261176515782554
0.265567765567766 0.904613250086715 0.73972602739726 0.615873015873016 0.265572974195285
0.44981684981685 0.848074921956296 0.73972602739726 0.628571428571429 0.449821409638157
0.493040293040293 0.813041970169962 0.73972602739726 0.780952380952381 0.493044237469925
0.568864468864469 0.673950745750954 0.73972602739726 0.536507936507936 0.568866034051364
0.673260073260073 0.638570933055845 0.73972602739726 0.504761904761905 0.673259533234829
0.588644688644689 0.679500520291363 0.397260273972603 0.984126984126984 0.588645943759564
0.570695970695971 0.888657648283039 0.397260273972603 0.796825396825397 0.570699880926454
0.760805860805861 0.635102323968089 0.397260273972603 0.914285714285714 0.76080354040828
0.44981684981685 0.428373222337842 0.397260273972603 0.825396825396825 0.449816486185405
0.364835164835165 0.750953867499133 0.397260273972603 1 0.364839318762002
0.942857142857143 0.71661463753035 0.397260273972603 0.565079365079365 0.942852811054824
0.898534798534798 0.738466874783212 0.397260273972603 0.815873015873016 0.898531789604639
0.718681318681318 0.841137703780784 0.397260273972603 0.498412698412698 0.71868296110588
0.850915750915751 0.864030523759972 0.397260273972603 0.511111111111111 0.850915747720929
0.967032967032967 0.944155393687131 0.397260273972603 0.641269841269841 0.967032326717908
0.896336996336996 0.946236559139785 0.767123287671233 0.615873015873016 0.896337715612485
0.852014652014652 0.945889698231009 0.767123287671233 0.958730158730159 0.852016024513465
0.249084249084249 0.840790842872008 0.835616438356164 0.86984126984127 0.249089113668008
0.781684981684982 0.747832119320153 0.465753424657534 0.857142857142857 0.781684307295167
0.948717948717949 0.960804717308359 0.465753424657534 0.895238095238095 0.948717921122368
0.380952380952381 0.798473812001387 0.465753424657534 0.892063492063492 0.38095684121105
0.357509157509157 0.829344432882414 0.465753424657534 0.765079365079365 0.357513921235297
0.498168498168498 0.736038848421783 0.465753424657534 0.955555555555556 0.498171547021868
0.607326007326007 0.816857440166493 0.602739726027397 0.965079365079365 0.607328838146015
0.687912087912088 0.863683662851197 0.602739726027397 0.863492063492064 0.687914521609677
0.723076923076923 0.678459937565036 0.602739726027397 0.53968253968254 0.723076156250393
0.874358974358974 0.787721123829344 0.602739726027397 0.479365079365079 0.874357434476632
0.712820512820513 0.706208810267083 0.602739726027397 0.577777777777778 0.71282036993542
0.586813186813187 0.555671175858481 0.972602739726027 0.549206349206349 0.586812778476092
0.707692307692308 0.959070412764481 0.972602739726027 0.628571428571429 0.707695764389125
0.764835164835165 0.595213319458897 0.972602739726027 0.746031746031746 0.764832206420158
0.808791208791209 0.61775927852931 0.972602739726027 0.726984126984127 0.808787827868203
0.576190476190476 0.840097121054457 0.917808219178082 0.6 0.576193980792278
0.494505494505495 0.800554977454041 0.917808219178082 0.53015873015873 0.494509340906351
0.486813186813187 0.840443981963233 0.52054794520548 0.749206349206349 0.486817379782107
0.525641025641026 0.946236559139785 0.73972602739726 0.701587301587302 0.525645945268612
0.617216117216117 0.965313909122442 0.73972602739726 0.485714285714286 0.617220496309006
0.725641025641026 0.858827610128339 0.73972602739726 0.555555555555556 0.725642954070735
0.830769230769231 0.924384321886923 0.383561643835617 0.761904761904762 0.830770420463814
0.641025641025641 0.819285466527922 0.383561643835617 0.628571428571429 0.64102801010764
0.456776556776557 0.900450919181408 0.383561643835617 0.53968253968254 0.456781408988354
0.413553113553114 0.938258758237947 0.821917808219178 0.679365079365079 0.413558535411794
0.658608058608058 0.909469302809573 0.821917808219178 0.892063492063492 0.65861144975673
0.611355311355311 0.964273326396115 0.821917808219178 0.987301587301587 0.611359752807182
0.333333333333333 0.796392646548734 0.821917808219178 0.742857142857143 0.333337997745055
0.536630036630036 0.783211932015262 0.821917808219178 0.901587301587302 0.53663330243019
0.791575091575092 0.620187304890739 0.986301369863014 0.736507936507937 0.791572108470709
0.729304029304029 0.8210197710718 0.986301369863014 0.565079365079365 0.729305459216156
0.626373626373626 0.805064169268124 0.986301369863014 0.485714285714286 0.626376191069111
0.591575091575092 0.738813735691987 0.808219178082191 0.352380952380952 0.591577219539463
0.76996336996337 0.953173777315297 0.808219178082191 0.542857142857143 0.769965967856404
0.863003663003663 0.945195976413458 0.808219178082191 0.457142857142857 0.863004880123625
0.635897435897436 0.905653832813042 0.493150684931507 0.526984126984127 0.635900922078032
0.93040293040293 0.771071800208116 0.493150684931507 0.596825396825397 0.930399991171966
0.721245421245421 0.707943114810961 0.493150684931507 0.355555555555556 0.721245122015322
0.642857142857143 0.851196670135276 0.493150684931507 0.406349206349206 0.642859927598336
0.4 0.812348248352411 0.493150684931507 0.46984126984127 0.40000448569877
0.034065934065934 0.519250780437045 0.493150684931507 0.574603174603175 0.0340674234233004
0.454945054945055 0.896288588276101 0.493150684931507 0.507936507936508 0.454949920564452
0.418681318681319 0.90426638917794 0.493150684931507 0.596825396825397 0.418686413210054
0.507692307692308 0.858133888310787 0.493150684931507 0.574603174603175 0.507696495778945
0.617948717948718 0.739160596600763 0.493150684931507 0.488888888888889 0.6179504146736
0.302197802197802 0.767950052029136 0.493150684931507 0.428571428571429 0.302202284246769
0.378754578754579 0.900104058272633 0.493150684931507 0.634920634920635 0.37875976940631
0.33040293040293 0.828303850156087 0.493150684931507 0.622222222222222 0.330407750743738
0.55018315018315 0.758931668400971 0.493150684931507 0.571428571428571 0.550185915347686
0.451648351648352 0.844259451959764 0.493150684931507 0.546031746031746 0.451652809766753
0.566300366300366 0.807492195629553 0.493150684931507 0.453968253968254 0.566303502588505
0.547985347985348 0.911203607353451 0.328767123287671 0.558730158730159 0.54798964262563
0.425274725274725 0.722858133888311 0.328767123287671 0.46984126984127 0.425278239741106
0.303296703296703 0.630246271245231 0.328767123287671 0.384126984126984 0.303300201464358
0.562271062271062 0.861255636489768 0.328767123287671 0.457142857142857 0.562274737803659
0.568131868131868 0.662157474852584 0.328767123287671 0.546031746031746 0.56813313742579
0.524542124542125 0.794658342004856 0.328767123287671 0.498412698412698 0.524545474171331
0.440659340659341 0.746791536593826 0.328767123287671 0.511111111111111 0.440662956691425
0.361904761904762 0.669788414845647 0.328767123287671 0.46031746031746 0.361908256023508
0.532234432234432 0.432882414151925 0.698630136986301 0.428571428571429 0.532232748437773
0.463003663003663 0.515782171349289 0.698630136986301 0.495238095238095 0.463004510517657
0.302564102564103 0.709330558446063 0.698630136986301 0.444444444444444 0.30256823996568
0.421611721611721 0.62712452306625 0.698630136986301 0.434920634920635 0.421614423894265
0.526007326007326 0.818938605619147 0.698630136986301 0.879365079365079 0.526011037751458
0.523809523809524 0.830385015608741 0.246575342465754 0.365079365079365 0.523813194618613
0.423809523809524 0.801595560180368 0.246575342465754 0.6 0.42381369998129
0.362271062271062 0.661463753035033 0.246575342465754 0.831746031746032 0.362274449313941
0.371794871794872 0.856399583766909 0.246575342465754 0.396825396825397 0.371799703912903
0.431868131868132 0.89247311827957 0.246575342465754 0.387301587301587 0.431872986590507
0.404761904761905 0.855359001040583 0.246575342465754 0.574603174603175 0.404766605505736
0.398534798534799 0.625043357613597 0.246575342465754 0.619047619047619 0.398537559066926
0.864835164835165 0.722858133888311 0.246575342465754 0.685714285714286 0.864832376486712
0.608058608058608 0.814082552896289 0.890410958904109 0.568253968253968 0.608061474093754
0.665201465201465 0.753381893860562 0.835616438356164 0.606349206349206 0.665202816743793
0.73040293040293 0.637530350329518 0.602739726027397 0.431746031746032 0.730401322508806
0.415384615384615 0.797086368366285 0.602739726027397 0.796825396825397 0.415388924706099
0.372893772893773 0.871661463753035 0.438356164383562 0.419047619047619 0.372898774107144
0.599267399267399 0.834547346514048 0.438356164383562 0.495238095238095 0.599270461829497
0.642857142857143 0.790842872008325 0.561643835616438 0.406349206349206 0.642859210537474
0.754212454212454 0.728754769337496 0.684931506849315 0.53015873015873 0.754212023426342
0.58974358974359 0.702393340270552 0.315068493150685 0.561904761904762 0.589745093141058
0.622344322344322 0.773499826569546 0.315068493150685 0.558730158730159 0.622346315511984
0.367765567765568 0.730835934790149 0.506849315068493 0.634920634920635 0.367769579435798
0.676923076923077 0.74644467568505 0.506849315068493 0.473015873015873 0.676924055334246
0.286813186813187 0.878251821019771 0.684931506849315 0.501587301587302 0.286818317184174
0.386813186813187 0.768643773846687 0 0.374603174603175 0.374603169659692
0.487912087912088 0.819632327436698 0 0.714285714285714 0.472509567535088
0.554945054945055 0.908775580992022 0.246575342465754 0.536507936507936 0.554949217160238
0.456776556776557 0.703433922996878 0.246575342465754 0.574603174603175 0.456779569604687
0.451282051282051 0.629205688518904 0.246575342465754 0.279365079365079 0.451284323722776
0.556043956043956 0.848074921956296 0.246575342465754 0.279365079365079 0.556047504042035
0.502197802197802 0.860908775580992 0.246575342465754 0.317460317460317 0.502201946511912
0.176556776556777 0.864377384668748 0.246575342465754 0.282539682539683 0.176561207962094
0.338095238095238 0.861255636489768 0.246575342465754 0.263492063492063 0.338100178065681
0.0304029304029305 0.878251821019771 0.246575342465754 0.257142857142857 0.03040455980382
0.00952380952380945 0.798473812001387 0.246575342465754 0.165079365079365 0.00952448316640768
0.891208791208791 0.912591050988554 0.246575342465754 0.171428571428571 0.891208756253688
0.647985347985348 0.789455428373222 0.246575342465754 0.187301587301587 0.647987160453683
0.701098901098901 0.875476933749566 0.246575342465754 0.2 0.701101116257494
0.549450549450549 0.458203260492542 0.246575342465754 0.231746031746032 0.549448838205569
0.491941391941392 0.608394033992369 0.246575342465754 0.120634920634921 0.491942927433045
0.764835164835165 0.670482136663198 0.246575342465754 0.0698412698412698 0.76483330261384
0.60989010989011 0.629205688518904 0.246575342465754 0.174603174603175 0.609890231870561
0.24029304029304 0.798473812001387 0.246575342465754 0.0761904761904762 0.240297582463773
0.234432234432234 0.576482830385016 0.246575342465754 0.165079365079365 0.234435557151742
0.145421245421245 0.715227193895248 0.246575342465754 0.206349206349206 0.14542491492898
0.043956043956044 0.560874089490114 0.246575342465754 0.320634920634921 0.0439578293722571
0 0.821713492889351 0.246575342465754 0.577777777777778 0
0.186813186813187 0.583073187651752 0.246575342465754 0.149206349206349 0.186816549041437
0.305128205128205 0.606312868539716 0.246575342465754 0.279365079365079 0.305131480891786
0.428937728937729 0.602497398543184 0.246575342465754 0.244444444444444 0.42893994583552
0.057142857142857 0.262573707943115 0.246575342465754 0.257142857142857 0.0571442550623232
0.480952380952381 0.331945889698231 0.246575342465754 0.238095238095238 0.480949471939882
0.368864468864469 0.246964967048214 0.246575342465754 0.111111111111111 0.3688620928572
0.582783882783883 0.31321540062435 0.246575342465754 0 0.58277802839955
0.558608058608059 0.47173083593479 0.246575342465754 0.0412698412698413 0.55860642632254
0.317582417582418 0.33749566423864 0.246575342465754 0.019047619047619 0.317582695679693
0.20989010989011 0.250086715227194 0.246575342465754 0.0698412698412698 0.209890699398928
0.356043956043956 0.216788067984738 0.246575342465754 0.225396825396825 0.356041134751263
0.405494505494505 0.0062434963579604 0.246575342465754 0.104761904761905 0.405467814644341
0.535897435897436 0 0.246575342465754 0.111111111111111 0.111111106505783
0.558241758241758 0.0877558099202219 0.246575342465754 0 0.558225360973063
0.171794871794872 0.00659035726673596 0.246575342465754 0.219047619047619 0.171786078363654
0.238461538461538 0.345473465140479 0.246575342465754 0.726984126984127 0.238462931907605
0.294139194139194 0.475199445022546 0.246575342465754 0.387301587301587 0.29414139746325
0.266666666666667 0.417967395074575 0.246575342465754 0.714285714285714 0.26666854555269
0.26996336996337 0.177939646201873 0.246575342465754 0.317460317460317 0.269961591544745
0.722344322344322 0.542490461325009 0.246575342465754 0.387301587301587 0.72234081898482
0.321245421245421 0.50156087408949 0.246575342465754 0.40952380952381 0.321247645859083
0.650915750915751 0.47485258411377 0.246575342465754 0.358730158730159 0.65091231827435
0.100732600732601 0.396808879639265 0.246575342465754 0.0634920634920635 0.100734802615648
0.569230769230769 0.377731529656608 0.246575342465754 0.0698412698412698 0.569226943459442
0.696703296703297 0.00763093999306275 0.246575342465754 0.0793650793650794 0.696653583631722
0.155311355311355 0.0291363163371487 0.246575342465754 0.171428571428571 0.155307289083145
0.394505494505494 0.140131807145335 0.246575342465754 0.120634920634921 0.394499010393795
0.712087912087912 0.363857093305584 0.246575342465754 0.107936507936508 0.712080147036591
0.560805860805861 0.36420395421436 0.246575342465754 0.371428571428571 0.560801904118151
0.412454212454212 0.382934443288241 0.246575342465754 0.292063492063492 0.412453662446835
0.281318681318681 0.118973291710024 0.246575342465754 0.501587301587302 0.281314860267373
0.447985347985348 0.27159209157128 0.246575342465754 0.266666666666667 0.447981734651204
0.250915750915751 0.259105098855359 0.246575342465754 0.212698412698413 0.250915876303283
0.372161172161172 0.647936177592785 0.246575342465754 0.104761904761905 0.372164369743174
0.35054945054945 0.152965660770031 0.246575342465754 0.165079365079365 0.350544837050001
0.484249084249084 0.382587582379466 0.246575342465754 0.187301587301587 0.484247183986881
0.480952380952381 0.718002081165453 0.246575342465754 0.19047619047619 0.480955310119961
0.549450549450549 0.332639611515782 0.246575342465754 0.142857142857143 0.549446069625571
0.537728937728938 0.372181755116198 0.246575342465754 0.301587301587302 0.537725689947446
0.715384615384615 0.0610475199445022 0.246575342465754 0.288888888888889 0.715356669229054
0.565934065934066 0.174124176205342 0.246575342465754 0.352380952380952 0.565923419535361
0.56996336996337 0.144640998959417 0.246575342465754 0.295238095238095 0.569950919248241
0.486446886446886 0.353451266042317 0.246575342465754 0.212698412698413 0.486444335933327
0.64065934065934 0.279916753381894 0.246575342465754 0.266666666666667 0.640650798071173
0.579120879120879 0.547693374956642 0.246575342465754 0.146031746031746 0.579120212057904
0.465934065934066 0.524106833159903 0.246575342465754 0.117460317460317 0.465934833304961
0.386446886446886 0.579604578563996 0.246575342465754 0.107936507936508 0.386449295426422
0.273626373626374 0.260839403399237 0.246575342465754 0.247619047619048 0.273626158444042
0.343589743589743 0.473465140478668 0.246575342465754 0.174603174603175 0.34359144035418
0.558974358974359 0.222684703433923 0.246575342465754 0.384126984126984 0.558966117931982
0.490476190476191 0.524453694068678 0.246575342465754 0.425396825396825 0.490476599145928
0.587912087912088 0.565036420395421 0.246575342465754 0.33015873015873 0.587911556889704
0.356776556776557 0.322233784252515 0.246575342465754 0.184126984126984 0.356775942849109
0.578388278388278 0.233437391605966 0.246575342465754 0.215873015873016 0.578379863222005
0.535164835164835 0.45681581685744 0.246575342465754 0.314285714285714 0.535163369220681
0.502197802197802 0.385709330558446 0.246575342465754 0.241269841269841 0.502195602282993
0.478021978021978 0.651404786680541 0.246575342465754 0.288888888888889 0.478024204118367
0.563003663003663 0.506070065903573 0.246575342465754 0.253968253968254 0.563002569466624
0.684615384615384 0.542490461325009 0.246575342465754 0.266666666666667 0.684612653870054
0.65018315018315 0.261533125216788 0.246575342465754 0.323809523809524 0.65017363165052
0.519047619047619 0.442594519597641 0.246575342465754 0.352380952380952 0.519046193796168
0.92051282051282 0.151231356226153 0.246575342465754 0.406349206349206 0.920486273417066
0.676923076923077 0.275060700659036 0.246575342465754 0.314285714285714 0.67691326603208
0.602564102564103 0.301768990634755 0.246575342465754 0.288888888888889 0.602557373633959
0.401465201465201 0.391605966007631 0.246575342465754 0.244444444444444 0.401464981613018
0.386813186813187 0.493236212278876 0.246575342465754 0.26984126984127 0.386814610139629
0.520512820512821 0.414845646895595 0.246575342465754 0.314285714285714 0.520510837413413
0.43992673992674 0.243496357960458 0.246575342465754 0.476190476190476 0.439922563948598
0.667032967032967 0.236906000693722 0.246575342465754 0.361904761904762 0.667021889917313
0.547985347985348 0.451612903225806 0.246575342465754 0.403174603174603 0.547983539886026
0.526373626373626 0.49843912591051 0.246575342465754 0.46031746031746 0.526373046680896
0.598168498168498 0.439819632327437 0.246575342465754 0.482539682539683 0.598165433964149
0.486813186813187 0.398890045091918 0.246575342465754 0.520634920634921 0.486811554834235
0.321978021978022 0.463753035032952 0.246575342465754 0.473015873015873 0.321979842851296
0.392673992673993 0.45369406867846 0.246575342465754 0.444444444444444 0.392674826467535
0.411355311355311 0.469649670482137 0.246575342465754 0.447619047619048 0.411356101574392
0.383150183150183 0.488033298647243 0.246575342465754 0.447619047619048 0.383151587600171
0.305128205128205 0.419701699618453 0.246575342465754 0.479365079365079 0.305129714855185
0.471428571428571 0.439819632327437 0.246575342465754 0.473015873015873 0.471427958600809
0.494139194139194 0.409295872355185 0.246575342465754 0.463492063492064 0.494137619321358
0.57032967032967 0.481096080471731 0.246575342465754 0.577777777777778 0.570327990048901
0.769230769230769 0.505723204994797 0.246575342465754 0.787301587301587 0.769225412411992
0.2003663003663 0.558792924037461 0.246575342465754 0.279365079365079 0.200369547118383
0.46959706959707 0.499132847728061 0.246575342465754 0.263492063492063 0.469597423215239
0.587545787545787 0.560527228581339 0.246575342465754 0.371428571428571 0.587545188662948
0.155311355311355 0.583420048560527 0.246575342465754 0.222222222222222 0.155314612533571
0.478021978021978 0.711758584807492 0.246575342465754 0.304761904761905 0.478024870561894
0.494139194139194 0.610128338536247 0.246575342465754 0.520634920634921 0.494140723255285
0.498901098901099 0.578563995837669 0.246575342465754 0.571428571428571 0.498902148954177
0.684981684981685 0.473812001387444 0.246575342465754 0.593650793650794 0.684977488058029
0.798901098901099 0.329171002428026 0.246575342465754 0.634920634920635 0.798889652463097
0.323076923076923 0.439819632327437 0.246575342465754 0.533333333333333 0.323078463137192
0.363003663003663 0.556711758584807 0.246575342465754 0.495238095238095 0.363006060401242
0.524542124542125 0.503642039542144 0.246575342465754 0.514285714285714 0.524541661916903
0.452014652014652 0.622268470343392 0.246575342465754 0.447619047619048 0.452016837529315
0.375457875457876 0.570586194935831 0.246575342465754 0.495238095238095 0.375460297193286
0.21025641025641 0.664238640305238 0.246575342465754 0.323809523809524 0.210260226498118
0.195604395604395 0.439472771418661 0.246575342465754 0.0634920634920635 0.195606901455917
0.078021978021978 0.232743669788415 0.246575342465754 0.0984126984126984 0.0780233485462206
0.404029304029304 0.42074228234478 0.246575342465754 0.273015873015873 0.404029497678442
0.404029304029304 0.204647936177593 0.246575342465754 0.479365079365079 0.404024916046424
0.302930402930403 0.443288241415192 0.246575342465754 0.533333333333333 0.302932197547323
0.383150183150183 0.613943808532778 0.246575342465754 0.619047619047619 0.383152971265805
0.289377289377289 0.696149843912591 0.246575342465754 0.574603174603175 0.289381271388773
0.186813186813187 0.800208116545265 0.246575342465754 0.466666666666667 0.186817479539509
0.334798534798535 0.825528962885883 0.26027397260274 0.422222222222222 0.334803261899221
0.417216117216117 0.70724939299341 0.26027397260274 0.514285714285714 0.417219518659738
0.252380952380952 0.60596600763094 0.26027397260274 0.396825396825397 0.25238443301794
0.42014652014652 0.701699618453 0.26027397260274 0.374603174603175 0.420149846196095
0.627472527472527 0.549080818591745 0.26027397260274 0.552380952380952 0.627471032770024
0.454212454212454 0.671522719389525 0.383561643835617 0.495238095238095 0.454215223774118
0.767765567765568 0.442247658688866 0.383561643835617 0.6 0.767758733348605
0.701098901098901 0.237252861602497 0.383561643835617 0.53968253968254 0.701086813155414
0.421245421245421 0.0391952826916406 0.383561643835617 0.219047619047619 0.421229670119167
0.620879120879121 0.44190079778009 0.383561643835617 0.603174603174603 0.620875703018793
0.564468864468864 0.605619146722164 0.383561643835617 0.526984126984127 0.564469419427135
0.844322344322344 0.652098508498092 0.383561643835617 0.942857142857143 0.844318698660656
0.775824175824176 0.59729448491155 0.383561643835617 0.901587301587302 0.775820808203739
0.83040293040293 0.458203260492542 0.136986301369863 0.990476190476191 0.830394681585135
0.567765567765568 0.335414498785987 0.136986301369863 0.752380952380952 0.567760606858524
0.414652014652014 0.579604578563996 0.136986301369863 0.568253968253968 0.414654052281356
0.473260073260073 0.620534165799514 0.136986301369863 0.701587301587302 0.473261902466996
0.275091575091575 0.544918487686438 0.136986301369863 0.365079365079365 0.27509447210258
0.411721611721612 0.571626777662158 0.917808219178082 0.441269841269841 0.411723843325297
0.548351648351648 0.733263961151578 0.575342465753425 0.317460317460317 0.548354163946763
0.413553113553114 0.753728754769337 0.575342465753425 0.441269841269841 0.413557063102237
0.36959706959707 0.873048907388137 0.452054794520548 0.53015873015873 0.369602092185029
0.391575091575092 0.843912591050989 0.452054794520548 0.488888888888889 0.391579840553329
0.445421245421245 0.795352063822407 0.452054794520548 0.419047619047619 0.445425310698435
0.349450549450549 0.895941727367326 0.931506849315068 0.473015873015873 0.349455836123391
0.386446886446886 0.751647589316684 0.931506849315068 0.574603174603175 0.386451040668628
0.406593406593407 0.928893513701006 0.931506849315068 0.396825396825397 0.406598800154098
0.210989010989011 0.966701352757544 0.931506849315068 0.482539682539683 0.210994164481764
0.31025641025641 0.88380159556018 0.931506849315068 0.419047619047619 0.310261629964369
0.252747252747253 0.887963926465487 0.931506849315068 0.273015873015873 0.252752355529791
0.397435897435897 0.637530350329518 0.931506849315068 0.463492063492064 0.397438961161084
