0.620879120879121 0.895941727367326 0.917808219178082 0.603174603174603 0.795798389327837
0.564468864468864 0.751647589316684 0.575342465753425 0.526984126984127 0.61057931118929
0.844322344322344 0.928893513701006 0.575342465753425 0.942857142857143 0.760510614967952
0.775824175824176 0.966701352757544 0.452054794520548 0.901587301587302 0.694841977028054
0.83040293040293 0.88380159556018 0.452054794520548 0.990476190476191 0.697866223262372
0.567765567765568 0.887963926465487 0.452054794520548 0.752380952380952 0.595119438546213
0.414652014652014 0.637530350329518 0.931506849315068 0.568253968253968 0.6181055819841
0.473260073260073 0.404439819632327 0.931506849315068 0.701587301587302 0.549360137673141
0.275091575091575 0.0305237599722511 0.931506849315068 0.365079365079365 0.328358354418539
0.411721611721612 0.475546305931322 0.931506849315068 0.441269841269841 0.553043077814234
0.548351648351648 0.359347901491502 0.931506849315068 0.317460317460317 0.56178502758515
0.413553113553114 0.608394033992369 0.931506849315068 0.441269841269841 0.606184355138264
0.36959706959707 0.523759972251127 0.931506849315068 0.53015873015873 0.555990900189511
0.391575091575092 0.782171349288935 0.136986301369863 0.488888888888889 0.381628217699878
0.445421245421245 0.712799167533819 0.136986301369863 0.419047619047619 0.387385497620475
0.349450549450549 0.774887270204648 0.136986301369863 0.473015873015873 0.363372103697537
0.386446886446886 0.840443981963233 0.136986301369863 0.574603174603175 0.392622681756024
0.406593406593407 0.559833506763788 0.136986301369863 0.396825396825397 0.33788367781714
0.210989010989011 0.663198057578911 0.136986301369863 0.482539682539683 0.283761327015135
0.31025641025641 0.67741935483871 0.136986301369863 0.419047619047619 0.326124576266544
0.252747252747253 0.339576829691294 0.136986301369863 0.273015873015873 0.227944459798844
0.397435897435897 0.588969823100936 0.136986301369863 0.463492063492064 0.340778147464778
0.462271062271062 0.419354838709677 0.136986301369863 0.323809523809524 0.321124612377086
0.341758241758242 0.37911897329171 0.136986301369863 0.301587301587302 0.271915961260905
0.382417582417583 0.503295178633368 0.136986301369863 0.336507936507937 0.315708846280383
0.263369963369963 0.496011099549081 0.136986301369863 0.282539682539683 0.267087171172965
0.341758241758242 0.55497745404093 0.136986301369863 0.368253968253968 0.311204944843153
0.427472527472527 0.469302809573361 0.136986301369863 0.311111111111111 0.325900068915408
0.591575091575092 0.624696496704821 0.136986301369863 0.425396825396825 0.425396825396866
0.657142857142857 0.653139091224419 0.136986301369863 0.507936507936508 0.456948278148869
0.305128205128205 0.284772806104752 0.136986301369863 0.244444444444444 0.232890366982575
0.436630036630037 0.616371834894207 0.136986301369863 0.301587301587302 0.362372075914283
0.391941391941392 0.10752688172043 0.136986301369863 0.26031746031746 0.182697813198457
0.300732600732601 0.432188692334374 0.136986301369863 0.257142857142857 0.26757743417071
0.445421245421245 0.363163371488033 0.136986301369863 0.26984126984127 0.29517844198855
0.385714285714286 0.732917100242803 0.383561643835617 0.441269841269841 0.462461781554369
0.352014652014652 0.672910163024627 0.383561643835617 0.476190476190476 0.436159969141792
0.355311355311355 0.764481442941381 0.383561643835617 0.507936507936508 0.457876935474812
0.397802197802198 0.717308359347901 0.383561643835617 0.625396825396825 0.463746324693252
0.628205128205128 0.918834547346514 0.506849315068493 0.819047619047619 0.646797453206541
0.785347985347985 1 0.506849315068493 0.949206349206349 0.726963333644875
0.692307692307692 0.900797780090184 0.561643835616438 0.685714285714286 0.688994924905777
0.472161172161172 0.867152271938953 0.561643835616438 0.644444444444444 0.595730609633963
0.487545787545788 0.810613943808533 0.561643835616438 0.625396825396825 0.588973627872011
0.435531135531135 0.737426292056885 0.561643835616438 0.514285714285714 0.552761566186528
0.293772893772894 0.714533472077697 0.561643835616438 0.453968253968254 0.493518737159052
0.331868131868132 0.577870274020118 0.561643835616438 0.476190476190476 0.477532572747625
0.421245421245421 0.416579951439473 0.561643835616438 0.368253968253968 0.450830741993557
0.19010989010989 0 0.561643835616438 0.298412698412698 0.200524571128451
0.264468864468865 0.506763787721124 0.561643835616438 0.457142857142857 0.426507945847975
0.396703296703297 0.602150537634409 0.712328767123288 0.466666666666667 0.548318743191646
0.452380952380952 0.741588622962192 0.712328767123288 0.492063492063492 0.619608558606125
0.597435897435897 0.885535900104058 0.712328767123288 0.634920634920635 0.707155264429129
0.40952380952381 0.77627471383975 0.712328767123288 0.584126984126984 0.610993499260092
0.369230769230769 0.555324314949705 0.123287671232877 0.441269841269841 0.316896661962538
0.867765567765568 0.901838362816511 0.561643835616438 0.965079365079365 0.758489803000153
0.55054945054945 0.868539715574055 0.643835616438356 0.625396825396825 0.658417380011044
0.709157509157509 0.931668400971211 0.945205479452055 0.844444444444444 0.849730262395021
0.463369963369963 0.830731876517516 0.315068493150685 0.580952380952381 0.488816486618699
0.383516483516483 0.748872702046479 0.315068493150685 0.463492063492064 0.439005779066938
0.315384615384615 0.612556364897676 0.315068493150685 0.434920634920635 0.381655793546379
0.397802197802198 0.567811307665626 0.315068493150685 0.349206349206349 0.404193718011662
0.577289377289377 0.835241068331599 0.315068493150685 0.546031746031746 0.534793846471662
0.689377289377289 0.739160596600763 0.315068493150685 0.634920634920635 0.557575228137714
0.814652014652015 0.789455428373222 0.465753424657534 0.888888888888889 0.671483841043994
0.516483516483516 0.906694415539369 0.808219178082191 0.587301587301587 0.718824832401597
0.332234432234432 0.71349288935137 0.808219178082191 0.457142857142857 0.589078026994519
0.365567765567766 0.787721123829344 0.424657534246575 0.53968253968254 0.483207926284766
0.261538461538462 0.61463753035033 0.424657534246575 0.393650793650794 0.404816836965411
0.368131868131868 0.763787721123829 0.424657534246575 0.504761904761905 0.478839969469364
0.563003663003663 0.835587929240375 0.383561643835617 0.60952380952381 0.555385117028449
0.395970695970696 0.725979882067291 0.383561643835617 0.53015873015873 0.464960661749751
0.434065934065934 0.877211238293444 0.383561643835617 0.565079365079365 0.513785820411713
0.5 0.807145334720777 0.383561643835617 0.584126984126984 0.524159845234578
0.51025641025641 0.833506763787721 0.452054794520548 0.606349206349206 0.560251155582845
0.515018315018315 0.758584807492196 0.452054794520548 0.520634920634921 0.545392426531965
0.512454212454212 0.653485952133195 0.452054794520548 0.476190476190476 0.520899842689565
0.461538461538461 0.712452306625043 0.452054794520548 0.501587301587302 0.513974554121218
0.495238095238095 0.640652098508498 0.452054794520548 0.514285714285714 0.511236497540631
0.364102564102564 0.753035032951786 0.452054794520548 0.485714285714286 0.485714285714284
0.676556776556777 0.885189039195283 0.410958904109589 0.73015873015873 0.621753215719196
0.636996336996337 0.818244883801596 0.410958904109589 0.6 0.59118048003348
0.520879120879121 0.835587929240375 0.410958904109589 0.628571428571429 0.549217595769055
0.471428571428571 0.808185917447104 0.410958904109589 0.568253968253968 0.523574925838873
0.552747252747253 0.734998265695456 0.47945205479452 0.6 0.565477721287836
0.641025641025641 0.842178286507111 0.47945205479452 0.685714285714286 0.624271174461483
0.415750915750916 0.622615331252168 0.47945205479452 0.555555555555556 0.487113183654705
0.454578754578755 0.775927852930975 0.47945205479452 0.546031746031746 0.536190953716889
0.779120879120879 0.877904960110996 0.575342465753425 0.59047619047619 0.723380706536724
0.805494505494505 0.870967741935484 0.575342465753425 0.752380952380952 0.732241894773169
0.563003663003663 0.763093999306278 0.575342465753425 0.558730158730159 0.612577116813532
0.558608058608059 0.784252514741589 0.575342465753425 0.53968253968254 0.615625797244196
0.572161172161172 0.785639958376691 0.52054794520548 0.568253968253968 0.600147255491857
0.487545787545788 0.853277835587929 0.52054794520548 0.634920634920635 0.58228257774784
0.501465201465201 0.701352757544225 0.52054794520548 0.495238095238095 0.553655537816576
0.639194139194139 0.838015955601804 0.547945205479452 0.742857142857143 0.648771364123651
0.46996336996337 0.675338189386056 0.547945205479452 0.520634920634921 0.546630181174543
0.928937728937729 0.922650017343045 0.547945205479452 0.895238095238095 0.780979283448601
0.676556776556777 0.944849115504683 0.547945205479452 0.714285714285714 0.687388214739672
0.696336996336996 0.85397155740548 0.547945205479452 0.682539682539683 0.674893319043603
0.558608058608059 0.741935483870968 0.150684931506849 0.431746031746032 0.443806288412881
0.46043956043956 0.802636142906694 0.150684931506849 0.453968253968254 0.418615334772739
0.471428571428571 0.699965313909122 0.150684931506849 0.479365079365079 0.400015325051087
0.355677655677656 0.602497398543184 0.150684931506849 0.46031746031746 0.332546834425041
0.35018315018315 0.640998959417274 0.150684931506849 0.46031746031746 0.33897959590807
0.456776556776557 0.497398543184183 0.150684931506849 0.488888888888889 0.348975459119484
0.583882783882784 0.421436004162331 0.150684931506849 0.46984126984127 0.354346355685685
0.494139194139194 0.579951439472771 0.150684931506849 0.457142857142857 0.38216779523697
0.481684981684982 0.643080124869927 0.150684931506849 0.53015873015873 0.391355203992339
0.672161172161172 0.529309746791537 0.150684931506849 0.565079365079365 0.416652258889082
0.378388278388278 0.61775927852931 0.150684931506849 0.438095238095238 0.344921599674191
0.443956043956044 0.716267776621575 0.575342465753425 0.434920634920635 0.556658981547476
0.503296703296703 0.506416926812348 0.575342465753425 0.428571428571429 0.520624342901324
0.383882783882784 0.475893166840097 0.575342465753425 0.422222222222222 0.462978580655167
0.474725274725275 0.706208810267083 0.575342465753425 0.514285714285714 0.566160458110215
0.417948717948718 0.522025667707249 0.575342465753425 0.450793650793651 0.494197064010852
0.363369963369963 0.651057925771765 0.575342465753425 0.488888888888889 0.511319683158408
0.311721611721612 0.711411723898717 0.575342465753425 0.453968253968254 0.505082317588993
0.362637362637363 0.535553243149497 0.575342465753425 0.53968253968254 0.47841728296116
0.411721611721612 0.596600763093999 0.575342465753425 0.485714285714286 0.517615633453209
0.395970695970696 0.570239334027055 0.397260273972603 0.492063492063492 0.435413552690544
0.357509157509157 0.573707943114811 0.397260273972603 0.39047619047619 0.421502514050169
0.365934065934066 0.446756850502948 0.397260273972603 0.438095238095238 0.396356979134109
0.405128205128205 0.187304890738814 0.397260273972603 0.520634920634921 0.318849712142145
0.268498168498169 0.458896982310094 0.397260273972603 0.33968253968254 0.361864780866384
0.297802197802198 0.55497745404093 0.397260273972603 0.355555555555556 0.394519669597653
0.568131868131868 0.123135622615331 0.397260273972603 0.412698412698413 0.33076468328489
0.277289377289377 0.472424557752341 0.109589041095891 0.295238095238095 0.256851124990491
0.578021978021978 0.534859521331946 0.109589041095891 0.450793650793651 0.382119314418939
0.529670329670329 0.43253555324315 0.109589041095891 0.463492063492064 0.330924330403167
0.546520146520146 0.631633714880333 0.109589041095891 0.571428571428571 0.398699905355801
0.345054945054945 0.643426985778703 0.109589041095891 0.425396825396825 0.321805819027505
0.321245421245421 0.682969129379119 0.109589041095891 0.336507936507937 0.32124116420212
0.532967032967033 0.547346514047867 0.109589041095891 0.415873015873016 0.374518968068563
0.389010989010989 0.468262226847034 0.109589041095891 0.393650793650794 0.300023570776689
0.576556776556776 0.48040235865418 0.109589041095891 0.384126984126984 0.360294880178619
0.357875457875458 0.482483524106833 0.109589041095891 0.263492063492063 0.29090996405949
0.465567765567765 0.562608394033992 0.109589041095891 0.406349206349206 0.351322647451765
0.473992673992674 0.329171002428026 0.109589041095891 0.285714285714286 0.277681852325658
0.050915750915751 0.428373222337842 0.109589041095891 0.298412698412698 0.158405885780228
0.191575091575091 0.230662504335761 0.109589041095891 0.266666666666667 0.169002548252276
0.215384615384615 0.138397502601457 0.109589041095891 0.336507936507937 0.144597301565464
0.00842490842490831 0.15227193895248 1 0.215873015873016 0.286739128149291
0.457875457875458 0.0527228581338883 1 0.279365079365079 0.424291334957364
0.273992673992674 0.10440513354145 1 0.336507936507937 0.371437296162143
0.0168498168498169 0.491155046826223 1 0.304761904761905 0.423730939109187
0.112087912087912 0.0443981963232742 1 0.406349206349206 0.284612258975841
0.262637362637363 0.0863683662851196 1 0.33015873015873 0.360067688294215
0.454945054945055 0.324661810613944 1 0.523809523809524 0.526970416354641
0.191941391941392 0.579604578563996 1 0.463492063492064 0.525502721529559
0.0483516483516482 0.608047173083593 1 0.326984126984127 0.481902882317272
0.303663003663004 0.648283038501561 1 0.457142857142857 0.595272945271266
0.457509157509157 0.520985084980923 1 0.380952380952381 0.60376566318299
0.465934065934066 0.544224765868887 1 0.336507936507937 0.6161565071387
0.143589743589744 0.547693374956642 1 0.257142857142857 0.494443339305203
0.755677655677655 0.508844953173777 1 0.612698412698413 0.716012907810686
0.434432234432234 0.909469302809573 1 0.580952380952381 0.74830911792602
0.597069597069597 0.845646895594866 1 0.698412698412698 0.785215746357123
0.501831501831502 0.812348248352411 1 0.561904761904762 0.735705771686631
0.356776556776557 0.877904960110996 1 0.634920634920635 0.706197349911307
0.447252747252747 0.664932362122789 1 0.596825396825397 0.656672922627008
0.365201465201465 0.72840790842872 1 0.596825396825397 0.650399972363628
0.527106227106227 0.64758931668401 1 0.549206349206349 0.680317585207795
0.557509157509158 0.68366285119667 1 0.393650793650794 0.706166604774854
0.364468864468864 0.676031911203607 1 0.447619047619048 0.629444694541059
0.366300366300366 0.568158168574402 1 0.574603174603175 0.587560619006952
0.253479853479854 0.651404786680541 1 0.59047619047619 0.577343569272359
0.562637362637363 0.559139784946237 1 0.558730158730159 0.659014146445078
0.358608058608059 0.75511619840444 0.73972602739726 0.774603174603175 0.597640127689193
0.61025641025641 0.734304543877905 0.73972602739726 0.577777777777778 0.688149827008329
0.417582417582417 0.88380159556018 0.73972602739726 0.622222222222222 0.648908540765399
0.525641025641026 0.718002081165453 0.73972602739726 0.79047619047619 0.649405260026121
0.725274725274725 0.850502948317725 0.73972602739726 0.990476190476191 0.758956960860165
0.769230769230769 0.828650711064863 0.73972602739726 0.873015873015873 0.77123997820079
0.463003663003663 0.893860561914672 0.73972602739726 0.679365079365079 0.668499270020457
0.833333333333333 0.806451612903226 0.575342465753425 0.780952380952381 0.724211717645987
0.616483516483516 0.740894901144641 0.575342465753425 0.857142857142857 0.628569474101397
0.265201465201465 0.901491501907735 0.575342465753425 0.787301587301587 0.529785487292346
0.466300366300366 0.871661463753035 0.575342465753425 0.949206349206349 0.599907723159667
0.696703296703297 0.583766909469303 0.575342465753425 0.80952380952381 0.605781561402477
0.613919413919414 0.612556364897676 0.575342465753425 0.996825396825397 0.598651310419988
0.844322344322344 0.836975372875477 0.575342465753425 0.828571428571429 0.738716124392275
0.758608058608058 0.9105098855359 0.931506849315068 0.765079365079365 0.857199405124251
0.680952380952381 0.881720430107527 0.931506849315068 0.898412698412698 0.816183030226058
0.841758241758242 0.891779396462019 0.931506849315068 0.803174603174603 0.881555168513894
0.703296703296703 0.906000693721818 0.931506849315068 0.93968253968254 0.834299568817177
0.631501831501831 0.969129379118973 0.931506849315068 0.949206349206349 0.825359716530425
0.881684981684982 0.894207422823448 0.931506849315068 0.885714285714286 0.897759072270369
0.815750915750916 0.916753381893861 0.876712328767123 0.606349206349206 0.862380787305843
0.876923076923077 0.927159209157128 0.876712328767123 0.558730158730159 0.888065985966031
0.767399267399267 0.77003121748179 0.684931506849315 0.615873015873016 0.736498184003147
0.826007326007326 0.83905653832813 0.684931506849315 0.555555555555556 0.775054969395709
0.46959706959707 0.9105098855359 1 0.615873015873016 0.762147062260622
1 0.914325355532431 1 0.476190476190476 0.967286404878399
0.37032967032967 0.810960804717308 1 0.53015873015873 0.684946046817844
0.529670329670329 0.960804717308359 0.465753424657534 0.453968253968254 0.601585418595997
0.330769230769231 0.936524453694069 0.465753424657534 0.552380952380952 0.519387842341317
0.433699633699634 0.691640652098509 0.465753424657534 0.733333333333333 0.503980190099229
0.16996336996337 0.688172043010753 0.465753424657534 0.593650793650794 0.402501470087279
0.395604395604396 0.442247658688866 0.465753424657534 0.634920634920635 0.429689100976956
0.191941391941392 0.560180367672563 0.465753424657534 0.580952380952381 0.382298511821014
0.33956043956044 0.267776621574748 0.465753424657534 0.752380952380952 0.340343941788112
0.547619047619048 0.469649670482137 0.465753424657534 0.523809523809524 0.485581280476106
0.194871794871795 0.236906000693722 0.465753424657534 0.571428571428571 0.271983237334483
0.476923076923077 0.512660423170309 0.465753424657534 0.688888888888889 0.480642280522408
0.369230769230769 0.74332292750607 0.465753424657534 0.53015873015873 0.490910174828853
0.645421245421245 0.0437044745057231 0.767123287671233 0.714285714285714 0.442854359072365
0.392307692307692 0.74020117932709 0.767123287671233 0.796825396825397 0.613377935305229
0.546886446886447 0.600069372181755 0.767123287671233 0.844444444444444 0.617084192801294
0.758608058608058 0.732570239334027 0.767123287671233 0.841269841269841 0.750568311292102
0.47032967032967 0.447103711411724 0.63013698630137 0.612698412698413 0.497164134292255
0.732234432234432 0.704474505723205 0.63013698630137 0.847619047619048 0.682291738726643
0.636630036630037 0.731876517516476 0.63013698630137 0.761904761904762 0.655430016268616
0.836263736263736 0.324314949705168 0.63013698630137 0.603174603174603 0.559414660784999
0.612454212454212 0.724245577523413 0.63013698630137 0.638095238095238 0.644410116827607
0.403296703296703 0.805064169268124 0.63013698630137 0.841269841269841 0.582602301176481
0.927472527472527 0.925078043704475 0.63013698630137 0.593650793650794 0.812994123277107
0.676190476190476 0.960110995490808 0.63013698630137 0.580952380952381 0.722037026837458
0.441758241758242 0.848074921956296 0.63013698630137 0.53968253968254 0.606897410428338
0.641391941391941 0.932708983697537 0.63013698630137 0.479365079365079 0.702178273308243
0.907692307692307 0.938258758237947 0.63013698630137 0.546031746031746 0.808540842924057
0.586446886446886 0.664585501214013 0.63013698630137 0.593650793650794 0.621150797211257
0.632234432234432 0.886576482830385 0.63013698630137 0.4 0.688256748010421
0.738827838827839 0.983003815469996 0.63013698630137 0.428571428571429 0.751877811693069
0.445054945054945 0.931668400971211 0.63013698630137 0.612698412698413 0.626832036283268
0.541391941391941 0.789455428373222 0.63013698630137 0.492063492063492 0.631844736329325
0.554212454212454 0.691293791189733 0.63013698630137 0.619047619047619 0.614809522236731
0.261172161172161 0.737773152965661 0.73972602739726 0.673015873015873 0.556226413863778
0.265567765567766 0.904613250086715 0.73972602739726 0.615873015873016 0.595513579359813
0.44981684981685 0.848074921956296 0.73972602739726 0.628571428571429 0.65323499606904
0.493040293040293 0.813041970169962 0.73972602739726 0.780952380952381 0.661912428724932
0.568864468864469 0.673950745750954 0.73972602739726 0.536507936507936 0.648520126447997
0.673260073260073 0.638570933055845 0.73972602739726 0.504761904761905 0.674863863688076
0.588644688644689 0.679500520291363 0.397260273972603 0.984126984126984 0.53586571100768
0.570695970695971 0.888657648283039 0.397260273972603 0.796825396825397 0.575508731168163
0.760805860805861 0.635102323968089 0.397260273972603 0.914285714285714 0.572369598877719
0.44981684981685 0.428373222337842 0.397260273972603 0.825396825396825 0.421283977949775
0.364835164835165 0.750953867499133 0.397260273972603 1 0.463898797371957
0.942857142857143 0.71661463753035 0.397260273972603 0.565079365079365 0.645219304505124
0.898534798534798 0.738466874783212 0.397260273972603 0.815873015873016 0.643943359357311
0.718681318681318 0.841137703780784 0.397260273972603 0.498412698412698 0.623309737013655
0.850915750915751 0.864030523759972 0.397260273972603 0.511111111111111 0.68062412477386
0.967032967032967 0.944155393687131 0.397260273972603 0.641269841269841 0.740442721481832
0.896336996336996 0.946236559139785 0.767123287671233 0.615873015873016 0.85814684015833
0.852014652014652 0.945889698231009 0.767123287671233 0.958730158730159 0.84057299998114
0.249084249084249 0.840790842872008 0.835616438356164 0.86984126984127 0.612813828433237
0.781684981684982 0.747832119320153 0.465753424657534 0.857142857142857 0.647687696902495
0.948717948717949 0.960804717308359 0.465753424657534 0.895238095238095 0.767005427663658
0.380952380952381 0.798473812001387 0.465753424657534 0.892063492063492 0.507707296018924
0.357509157509157 0.829344432882414 0.465753424657534 0.765079365079365 0.505652730794552
0.498168498168498 0.736038848421783 0.465753424657534 0.955555555555556 0.538934492690335
0.607326007326007 0.816857440166493 0.602739726027397 0.965079365079365 0.652386745818168
0.687912087912088 0.863683662851197 0.602739726027397 0.863492063492064 0.694659849699234
0.723076923076923 0.678459937565036 0.602739726027397 0.53968253968254 0.659515287812075
0.874358974358974 0.787721123829344 0.602739726027397 0.479365079365079 0.736444693703903
0.712820512820513 0.706208810267083 0.602739726027397 0.577777777777778 0.668177808677018
0.586813186813187 0.555671175858481 0.972602739726027 0.549206349206349 0.661112280929124
0.707692307692308 0.959070412764481 0.972602739726027 0.628571428571429 0.866108694452255
0.764835164835165 0.595213319458897 0.972602739726027 0.746031746031746 0.74648544756469
0.808791208791209 0.61775927852931 0.972602739726027 0.726984126984127 0.772446037589066
0.576190476190476 0.840097121054457 0.917808219178082 0.6 0.756689905214734
0.494505494505495 0.800554977454041 0.917808219178082 0.53015873015873 0.709890351874661
0.486813186813187 0.840443981963233 0.52054794520548 0.749206349206349 0.579135601621795
0.525641025641026 0.946236559139785 0.73972602739726 0.701587301587302 0.70411787269965
0.617216117216117 0.965313909122442 0.73972602739726 0.485714285714286 0.743346584765221
0.725641025641026 0.858827610128339 0.73972602739726 0.555555555555556 0.760956660776644
0.830769230769231 0.924384321886923 0.383561643835617 0.761904761904762 0.68092441370791
0.641025641025641 0.819285466527922 0.383561643835617 0.628571428571429 0.582542297843154
0.456776556776557 0.900450919181408 0.383561643835617 0.53968253968254 0.527942926138953
0.413553113553114 0.938258758237947 0.821917808219178 0.679365079365079 0.691981815797086
0.658608058608058 0.909469302809573 0.821917808219178 0.892063492063492 0.779120495752086
0.611355311355311 0.964273326396115 0.821917808219178 0.987301587301587 0.773321637643922
0.333333333333333 0.796392646548734 0.821917808219178 0.742857142857143 0.625282940736982
0.536630036630036 0.783211932015262 0.821917808219178 0.901587301587302 0.697705661072348
0.791575091575092 0.620187304890739 0.986301369863014 0.736507936507937 0.769637487016596
0.729304029304029 0.8210197710718 0.986301369863014 0.565079365079365 0.822925448242734
0.626373626373626 0.805064169268124 0.986301369863014 0.485714285714286 0.777324486693889
0.591575091575092 0.738813735691987 0.808219178082191 0.352380952380952 0.698098882062581
0.76996336996337 0.953173777315297 0.808219178082191 0.542857142857143 0.825996433906908
0.863003663003663 0.945195976413458 0.808219178082191 0.457142857142857 0.860447808743415
0.635897435897436 0.905653832813042 0.493150684931507 0.526984126984127 0.641658653678294
0.93040293040293 0.771071800208116 0.493150684931507 0.596825396825397 0.700548302000515
0.721245421245421 0.707943114810961 0.493150684931507 0.355555555555556 0.628899705690797
0.642857142857143 0.851196670135276 0.493150684931507 0.406349206349206 0.632239602879182
0.4 0.812348248352411 0.493150684931507 0.46984126984127 0.528895201396458
0.034065934065934 0.519250780437045 0.493150684931507 0.574603174603175 0.323687054342805
0.454945054945055 0.896288588276101 0.493150684931507 0.507936507936508 0.568628479067142
0.418681318681319 0.90426638917794 0.493150684931507 0.596825396825397 0.556564048506953
0.507692307692308 0.858133888310787 0.493150684931507 0.574603174603175 0.580432835365555
0.617948717948718 0.739160596600763 0.493150684931507 0.488888888888889 0.597376685240011
0.302197802197802 0.767950052029136 0.493150684931507 0.428571428571429 0.481631767279449
0.378754578754579 0.900104058272633 0.493150684931507 0.634920634920635 0.540388696956256
0.33040293040293 0.828303850156087 0.493150684931507 0.622222222222222 0.505885271269073
0.55018315018315 0.758931668400971 0.493150684931507 0.571428571428571 0.575043176548631
0.451648351648352 0.844259451959764 0.493150684931507 0.546031746031746 0.555745722060307
0.566300366300366 0.807492195629553 0.493150684931507 0.453968253968254 0.592254513586765
0.547985347985348 0.911203607353451 0.328767123287671 0.558730158730159 0.545427613940409
0.425274725274725 0.722858133888311 0.328767123287671 0.46984126984127 0.454908580186529
0.303296703296703 0.630246271245231 0.328767123287671 0.384126984126984 0.386395831773739
0.562271062271062 0.861255636489768 0.328767123287671 0.457142857142857 0.539907931177222
0.568131868131868 0.662157474852584 0.328767123287671 0.546031746031746 0.49774047884962
0.524542124542125 0.794658342004856 0.328767123287671 0.498412698412698 0.510135678105893
0.440659340659341 0.746791536593826 0.328767123287671 0.511111111111111 0.466328713841815
0.361904761904762 0.669788414845647 0.328767123287671 0.46031746031746 0.418036702919833
0.532234432234432 0.432882414151925 0.698630136986301 0.428571428571429 0.531473215503797
0.463003663003663 0.515782171349289 0.698630136986301 0.495238095238095 0.536480000892355
0.302564102564103 0.709330558446063 0.698630136986301 0.444444444444444 0.549788790936524
0.421611721611721 0.62712452306625 0.698630136986301 0.434920634920635 0.564627749416717
0.526007326007326 0.818938605619147 0.698630136986301 0.879365079365079 0.659595087459856
0.523809523809524 0.830385015608741 0.246575342465754 0.365079365079365 0.486444552724958
0.423809523809524 0.801595560180368 0.246575342465754 0.6 0.44053739895438
0.362271062271062 0.661463753035033 0.246575342465754 0.831746031746032 0.384937752107343
0.371794871794872 0.856399583766909 0.246575342465754 0.396825396825397 0.432248399884783
0.431868131868132 0.89247311827957 0.246575342465754 0.387301587301587 0.464021735812286
0.404761904761905 0.855359001040583 0.246575342465754 0.574603174603175 0.445029732594165
0.398534798534799 0.625043357613597 0.246575342465754 0.619047619047619 0.391116173451934
0.864835164835165 0.722858133888311 0.246575342465754 0.685714285714286 0.57271604235526
0.608058608058608 0.814082552896289 0.890410958904109 0.568253968253968 0.752468078768054
0.665201465201465 0.753381893860562 0.835616438356164 0.606349206349206 0.738083727651336
0.73040293040293 0.637530350329518 0.602739726027397 0.431746031746032 0.644994960986443
0.415384615384615 0.797086368366285 0.602739726027397 0.796825396825397 0.57462041969199
0.372893772893773 0.871661463753035 0.438356164383562 0.419047619047619 0.510166140995572
0.599267399267399 0.834547346514048 0.438356164383562 0.495238095238095 0.590390307714821
0.642857142857143 0.790842872008325 0.561643835616438 0.406349206349206 0.644908905680575
0.754212454212454 0.728754769337496 0.684931506849315 0.53015873015873 0.717709070212098
0.58974358974359 0.702393340270552 0.315068493150685 0.561904761904762 0.510030331799069
0.622344322344322 0.773499826569546 0.315068493150685 0.558730158730159 0.538785623965503
0.367765567765568 0.730835934790149 0.506849315068493 0.634920634920635 0.503783656047565
0.676923076923077 0.74644467568505 0.506849315068493 0.473015873015873 0.627514922300157
0.286813186813187 0.878251821019771 0.684931506849315 0.501587301587302 0.576106093469896
0.386813186813187 0.768643773846687 0 0.374603174603175 0.324420023396305
0.487912087912088 0.819632327436698 0 0.714285714285714 0.375720527009902
0.554945054945055 0.908775580992022 0.246575342465754 0.536507936507936 0.516248807600855
0.456776556776557 0.703433922996878 0.246575342465754 0.574603174603175 0.431620673669621
0.451282051282051 0.629205688518904 0.246575342465754 0.279365079365079 0.412868189266593
0.556043956043956 0.848074921956296 0.246575342465754 0.279365079365079 0.50312131508459
0.502197802197802 0.860908775580992 0.246575342465754 0.317460317460317 0.484732665688833
0.176556776556777 0.864377384668748 0.246575342465754 0.282539682539683 0.357864490648077
0.338095238095238 0.861255636489768 0.246575342465754 0.263492063492063 0.420030295062266
0.0304029304029305 0.878251821019771 0.246575342465754 0.257142857142857 0.30515752994318
0.00952380952380945 0.798473812001387 0.246575342465754 0.165079365079365 0.279361741837209
0.891208791208791 0.912591050988554 0.246575342465754 0.171428571428571 0.649842112709965
0.647985347985348 0.789455428373222 0.246575342465754 0.187301587301587 0.52631906263991
0.701098901098901 0.875476933749566 0.246575342465754 0.2 0.566504039531083
0.549450549450549 0.458203260492542 0.246575342465754 0.231746031746032 0.397782057134129
0.491941391941392 0.608394033992369 0.246575342465754 0.120634920634921 0.42426897342339
0.764835164835165 0.670482136663198 0.246575342465754 0.0698412698412698 0.529699246853401
0.60989010989011 0.629205688518904 0.246575342465754 0.174603174603175 0.475479084307063
0.24029304029304 0.798473812001387 0.246575342465754 0.0761904761904762 0.367477557535348
0.234432234432234 0.576482830385016 0.246575342465754 0.165079365079365 0.315644134419899
0.145421245421245 0.715227193895248 0.246575342465754 0.206349206349206 0.312653831213675
0.043956043956044 0.560874089490114 0.246575342465754 0.320634920634921 0.239426431983488
0 0.821713492889351 0.246575342465754 0.577777777777778 0.280917251415725
0.186813186813187 0.583073187651752 0.246575342465754 0.149206349206349 0.298933874004806
0.305128205128205 0.606312868539716 0.246575342465754 0.279365079365079 0.35005908092547
0.428937728937729 0.602497398543184 0.246575342465754 0.244444444444444 0.39808075080673
0.057142857142857 0.262573707943115 0.246575342465754 0.257142857142857 0.177817586184234
0.480952380952381 0.331945889698231 0.246575342465754 0.238095238095238 0.332638322970002
0.368864468864469 0.246964967048214 0.246575342465754 0.111111111111111 0.274050067638007
0.582783882783883 0.31321540062435 0.246575342465754 0 0.347994850271789
0.558608058608059 0.47173083593479 0.246575342465754 0.0412698412698413 0.40516800063097
0.317582417582418 0.33749566423864 0.246575342465754 0.019047619047619 0.294918285061081
0.20989010989011 0.250086715227194 0.246575342465754 0.0698412698412698 0.233352113880423
0.356043956043956 0.216788067984738 0.246575342465754 0.225396825396825 0.259658169615432
0.405494505494505 0.0062434963579604 0.246575342465754 0.104761904761905 0.190312711803901
0.535897435897436 0 0.246575342465754 0.111111111111111 0.217062370361045
0.558241758241758 0.0877558099202219 0.246575342465754 0 0.255562628723602
0.171794871794872 0.00659035726673596 0.246575342465754 0.219047619047619 0.125420864948144
0.238461538461538 0.345473465140479 0.246575342465754 0.726984126984127 0.265572283734914
0.294139194139194 0.475199445022546 0.246575342465754 0.387301587301587 0.316428765332654
0.266666666666667 0.417967395074575 0.246575342465754 0.714285714285714 0.292797566477151
0.26996336996337 0.177939646201873 0.246575342465754 0.317460317460317 0.225592995355751
0.722344322344322 0.542490461325009 0.246575342465754 0.387301587301587 0.469681253824251
0.321245421245421 0.50156087408949 0.246575342465754 0.40952380952381 0.333018483558567
0.650915750915751 0.47485258411377 0.246575342465754 0.358730158730159 0.427023010589398
0.100732600732601 0.396808879639265 0.246575342465754 0.0634920634920635 0.224451500575467
0.569230769230769 0.377731529656608 0.246575342465754 0.0698412698412698 0.370434805191256
0.696703296703297 0.00763093999306275 0.246575342465754 0.0793650793650794 0.255902171934648
0.155311355311355 0.0291363163371487 0.246575342465754 0.171428571428571 0.12752279981853
0.394505494505494 0.140131807145335 0.246575342465754 0.120634920634921 0.238980899448397
0.712087912087912 0.363857093305584 0.246575342465754 0.107936507936508 0.396873911647996
0.560805860805861 0.36420395421436 0.246575342465754 0.371428571428571 0.36321253385872
0.412454212454212 0.382934443288241 0.246575342465754 0.292063492063492 0.337462824123609
0.281318681318681 0.118973291710024 0.246575342465754 0.501587301587302 0.205614484061689
0.447985347985348 0.27159209157128 0.246575342465754 0.266666666666667 0.301448275291991
0.250915750915751 0.259105098855359 0.246575342465754 0.212698412698413 0.251088032912838
0.372161172161172 0.647936177592785 0.246575342465754 0.104761904761905 0.385819666171669
0.35054945054945 0.152965660770031 0.246575342465754 0.165079365079365 0.234060986673131
0.484249084249084 0.382587582379466 0.246575342465754 0.187301587301587 0.353365772085867
0.480952380952381 0.718002081165453 0.246575342465754 0.19047619047619 0.444418844430338
0.549450549450549 0.332639611515782 0.246575342465754 0.142857142857143 0.348215518611585
0.537728937728938 0.372181755116198 0.246575342465754 0.301587301587302 0.36120611589313
0.715384615384615 0.0610475199445022 0.246575342465754 0.288888888888889 0.280472142686054
0.565934065934066 0.174124176205342 0.246575342465754 0.352380952380952 0.290259668980289
0.56996336996337 0.144640998959417 0.246575342465754 0.295238095238095 0.279902150963574
0.486446886446886 0.353451266042317 0.246575342465754 0.212698412698413 0.342355160855316
0.64065934065934 0.279916753381894 0.246575342465754 0.266666666666667 0.347780233853586
0.579120879120879 0.547693374956642 0.246575342465754 0.146031746031746 0.439737207796234
0.465934065934066 0.524106833159903 0.246575342465754 0.117460317460317 0.395171707195329
0.386446886446886 0.579604578563996 0.246575342465754 0.107936507936508 0.376192851002449
0.273626373626374 0.260839403399237 0.246575342465754 0.247619047619048 0.258249651861048
0.343589743589743 0.473465140478668 0.246575342465754 0.174603174603175 0.335562017864594
0.558974358974359 0.222684703433923 0.246575342465754 0.384126984126984 0.307246902111804
0.490476190476191 0.524453694068678 0.246575342465754 0.425396825396825 0.404937260231214
0.587912087912088 0.565036420395421 0.246575342465754 0.33015873015873 0.448547480746138
0.356776556776557 0.322233784252515 0.246575342465754 0.184126984126984 0.3010620152126
0.578388278388278 0.233437391605966 0.246575342465754 0.215873015873016 0.315689969319186
0.535164835164835 0.45681581685744 0.246575342465754 0.314285714285714 0.394042753371935
0.502197802197802 0.385709330558446 0.246575342465754 0.241269841269841 0.358608057367408
0.478021978021978 0.651404786680541 0.246575342465754 0.288888888888889 0.428383392811305
0.563003663003663 0.506070065903573 0.246575342465754 0.253968253968254 0.419705523433734
0.684615384615384 0.542490461325009 0.246575342465754 0.266666666666667 0.461252137362579
0.65018315018315 0.261533125216788 0.246575342465754 0.323809523809524 0.342650992592595
0.519047619047619 0.442594519597641 0.246575342465754 0.352380952380952 0.384828076035073
0.92051282051282 0.151231356226153 0.246575342465754 0.406349206349206 0.360735711977157
0.676923076923077 0.275060700659036 0.246575342465754 0.314285714285714 0.353965068032739
0.602564102564103 0.301768990634755 0.246575342465754 0.288888888888889 0.347895502102359
0.401465201465201 0.391605966007631 0.246575342465754 0.244444444444444 0.338430845148171
0.386813186813187 0.493236212278876 0.246575342465754 0.26984126984127 0.357041675910541
0.520512820512821 0.414845646895595 0.246575342465754 0.314285714285714 0.374201489198479
0.43992673992674 0.243496357960458 0.246575342465754 0.476190476190476 0.288596797709098
0.667032967032967 0.236906000693722 0.246575342465754 0.361904761904762 0.336818738249466
0.547985347985348 0.451612903225806 0.246575342465754 0.403174603174603 0.394853154153785
0.526373626373626 0.49843912591051 0.246575342465754 0.46031746031746 0.408509584148088
0.598168498168498 0.439819632327437 0.246575342465754 0.482539682539683 0.401409276663419
0.486813186813187 0.398890045091918 0.246575342465754 0.520634920634921 0.360374059220489
0.321978021978022 0.463753035032952 0.246575342465754 0.473015873015873 0.324860935373754
0.392673992673993 0.45369406867846 0.246575342465754 0.444444444444444 0.350521033144741
0.411355311355311 0.469649670482137 0.246575342465754 0.447619047619048 0.361460207512155
0.383150183150183 0.488033298647243 0.246575342465754 0.447619047619048 0.354433300846327
0.305128205128205 0.419701699618453 0.246575342465754 0.479365079365079 0.308367812351014
0.471428571428571 0.439819632327437 0.246575342465754 0.473015873015873 0.373093992238773
0.494139194139194 0.409295872355185 0.246575342465754 0.463492063492064 0.366118505050483
0.57032967032967 0.481096080471731 0.246575342465754 0.577777777777778 0.411483707028095
0.769230769230769 0.505723204994797 0.246575342465754 0.787301587301587 0.465642313545833
0.2003663003663 0.558792924037461 0.246575342465754 0.279365079365079 0.29868441534886
0.46959706959707 0.499132847728061 0.246575342465754 0.263492063492063 0.391038185668506
0.587545787545787 0.560527228581339 0.246575342465754 0.371428571428571 0.44668563084964
0.155311355311355 0.583420048560527 0.246575342465754 0.222222222222222 0.286982858894404
0.478021978021978 0.711758584807492 0.246575342465754 0.304761904761905 0.441867185993378
0.494139194139194 0.610128338536247 0.246575342465754 0.520634920634921 0.425524026204859
0.498901098901099 0.578563995837669 0.246575342465754 0.571428571428571 0.420351930187077
0.684981684981685 0.473812001387444 0.246575342465754 0.593650793650794 0.434222993810854
0.798901098901099 0.329171002428026 0.246575342465754 0.634920634920635 0.402576649161553
0.323076923076923 0.439819632327437 0.246575342465754 0.533333333333333 0.319947707669556
0.363003663003663 0.556711758584807 0.246575342465754 0.495238095238095 0.361824042519425
0.524542124542125 0.503642039542144 0.246575342465754 0.514285714285714 0.410154265830803
0.452014652014652 0.622268470343392 0.246575342465754 0.447619047619048 0.411607523801346
0.375457875457876 0.570586194935831 0.246575342465754 0.495238095238095 0.369840094030839
0.21025641025641 0.664238640305238 0.246575342465754 0.323809523809524 0.326018698986705
0.195604395604395 0.439472771418661 0.246575342465754 0.0634920634920635 0.27020853837816
0.078021978021978 0.232743669788415 0.246575342465754 0.0984126984126984 0.176755650089395
0.404029304029304 0.42074228234478 0.246575342465754 0.273015873015873 0.347641727250336
0.404029304029304 0.204647936177593 0.246575342465754 0.479365079365079 0.265743166704263
0.302930402930403 0.443288241415192 0.246575342465754 0.533333333333333 0.312769753260874
0.383150183150183 0.613943808532778 0.246575342465754 0.619047619047619 0.382563283174445
0.289377289377289 0.696149843912591 0.246575342465754 0.574603174603175 0.36391207443901
0.186813186813187 0.800208116545265 0.246575342465754 0.466666666666667 0.347444532234564
0.334798534798535 0.825528962885883 0.26027397260274 0.422222222222222 0.415977747449468
0.417216117216117 0.70724939299341 0.26027397260274 0.514285714285714 0.422087142290615
0.252380952380952 0.60596600763094 0.26027397260274 0.396825396825397 0.33449206289073
0.42014652014652 0.701699618453 0.26027397260274 0.374603174603175 0.422004036542572
0.627472527472527 0.549080818591745 0.26027397260274 0.552380952380952 0.456317886395272
0.454212454212454 0.671522719389525 0.383561643835617 0.495238095238095 0.475785318354023
0.767765567765568 0.442247658688866 0.383561643835617 0.6 0.492564043643755
0.701098901098901 0.237252861602497 0.383561643835617 0.53968253968254 0.398637594357029
0.421245421245421 0.0391952826916406 0.383561643835617 0.219047619047619 0.260489472068757
0.620879120879121 0.44190079778009 0.383561643835617 0.603174603174603 0.459610850561175
0.564468864468864 0.605619146722164 0.383561643835617 0.526984126984127 0.504585607060991
0.844322344322344 0.652098508498092 0.383561643835617 0.942857142857143 0.592506889250404
0.775824175824176 0.59729448491155 0.383561643835617 0.901587301587302 0.555569527836675
0.83040293040293 0.458203260492542 0.136986301369863 0.990476190476191 0.418705378571287
0.567765567765568 0.335414498785987 0.136986301369863 0.752380952380952 0.311557762262167
0.414652014652014 0.579604578563996 0.136986301369863 0.568253968253968 0.345481936500765
0.473260073260073 0.620534165799514 0.136986301369863 0.701587301587302 0.377761783687878
0.275091575091575 0.544918487686438 0.136986301369863 0.365079365079365 0.282640826355074
0.411721611721612 0.571626777662158 0.917808219178082 0.441269841269841 0.587910619209703
0.548351648351648 0.733263961151578 0.575342465753425 0.317460317460317 0.600318058321799
0.413553113553114 0.753728754769337 0.575342465753425 0.441269841269841 0.553419323435778
0.36959706959707 0.873048907388137 0.452054794520548 0.53015873015873 0.514624881561762
0.391575091575092 0.843912591050989 0.452054794520548 0.488888888888889 0.516507446610961
0.445421245421245 0.795352063822407 0.452054794520548 0.419047619047619 0.526218774610123
0.349450549450549 0.895941727367326 0.931506849315068 0.473015873015873 0.695217851365976
0.386446886446886 0.751647589316684 0.931506849315068 0.574603174603175 0.652383913093447
0.406593406593407 0.928893513701006 0.931506849315068 0.396825396825397 0.730044798988004
0.210989010989011 0.966701352757544 0.931506849315068 0.482539682539683 0.664250667586183
0.31025641025641 0.88380159556018 0.931506849315068 0.419047619047619 0.675459804449929
0.252747252747253 0.887963926465487 0.931506849315068 0.273015873015873 0.655143873387236
0.397435897435897 0.637530350329518 0.931506849315068 0.463492063492064 0.61153186240027
