0.620879120879121 0.895941727367326 0.917808219178082 0.603174603174603 0.770079236075415
0.564468864468864 0.751647589316684 0.575342465753425 0.526984126984127 0.626726074622077
0.844322344322344 0.928893513701006 0.575342465753425 0.942857142857143 0.809360487095412
0.775824175824176 0.966701352757544 0.452054794520548 0.901587301587302 0.757911484084699
0.83040293040293 0.88380159556018 0.452054794520548 0.990476190476191 0.756625315075067
0.567765567765568 0.887963926465487 0.452054794520548 0.752380952380952 0.639196872963659
0.414652014652014 0.637530350329518 0.931506849315068 0.568253968253968 0.584433000931586
0.473260073260073 0.404439819632327 0.931506849315068 0.701587301587302 0.532589545933424
0.275091575091575 0.0305237599722511 0.931506849315068 0.365079365079365 0.251381611094154
0.411721611721612 0.475546305931322 0.931506849315068 0.441269841269841 0.528428602883179
0.548351648351648 0.359347901491502 0.931506849315068 0.317460317460317 0.549418550572222
0.413553113553114 0.608394033992369 0.931506849315068 0.441269841269841 0.574418529116059
0.36959706959707 0.523759972251127 0.931506849315068 0.53015873015873 0.523000156910497
0.391575091575092 0.782171349288935 0.136986301369863 0.488888888888889 0.432784906210349
0.445421245421245 0.712799167533819 0.136986301369863 0.419047619047619 0.439783059630081
0.349450549450549 0.774887270204648 0.136986301369863 0.473015873015873 0.410728750611332
0.386446886446886 0.840443981963233 0.136986301369863 0.574603174603175 0.444711185184087
0.406593406593407 0.559833506763788 0.136986301369863 0.396825396825397 0.381339275389746
0.210989010989011 0.663198057578911 0.136986301369863 0.482539682539683 0.312901814619977
0.31025641025641 0.67741935483871 0.136986301369863 0.419047619047619 0.367599788163576
0.252747252747253 0.339576829691294 0.136986301369863 0.273015873015873 0.251214867287339
0.397435897435897 0.588969823100936 0.136986301369863 0.463492063492064 0.385296713326278
0.462271062271062 0.419354838709677 0.136986301369863 0.323809523809524 0.363366921382995
0.341758241758242 0.37911897329171 0.136986301369863 0.301587301587302 0.301587301587096
0.382417582417583 0.503295178633368 0.136986301369863 0.336507936507937 0.35502512317904
0.263369963369963 0.496011099549081 0.136986301369863 0.282539682539683 0.298889042535201
0.341758241758242 0.55497745404093 0.136986301369863 0.368253968253968 0.351096095779696
0.427472527472527 0.469302809573361 0.136986301369863 0.311111111111111 0.364355262603342
0.591575091575092 0.624696496704821 0.136986301369863 0.425396825396825 0.477371530174658
0.657142857142857 0.653139091224419 0.136986301369863 0.507936507936508 0.512072130791299
0.305128205128205 0.284772806104752 0.136986301369863 0.244444444444444 0.257161871513883
0.436630036630037 0.616371834894207 0.136986301369863 0.301587301587302 0.410012574900549
0.391941391941392 0.10752688172043 0.136986301369863 0.26031746031746 0.222103187896507
0.300732600732601 0.432188692334374 0.136986301369863 0.257142857142857 0.299033897644764
0.445421245421245 0.363163371488033 0.136986301369863 0.26984126984127 0.338821244255077
0.385714285714286 0.732917100242803 0.383561643835617 0.441269841269841 0.489373224910271
0.352014652014652 0.672910163024627 0.383561643835617 0.476190476190476 0.455676103052957
0.355311355311355 0.764481442941381 0.383561643835617 0.507936507936508 0.482215015787217
0.397802197802198 0.717308359347901 0.383561643835617 0.625396825396825 0.491160135229824
0.628205128205128 0.918834547346514 0.506849315068493 0.819047619047619 0.690606651267413
0.785347985347985 1 0.506849315068493 0.949206349206349 0.786963276214639
0.692307692307692 0.900797780090184 0.561643835616438 0.685714285714286 0.728724172526177
0.472161172161172 0.867152271938953 0.561643835616438 0.644444444444444 0.612078471186032
0.487545787545788 0.810613943808533 0.561643835616438 0.625396825396825 0.603730288259277
0.435531135531135 0.737426292056885 0.561643835616438 0.514285714285714 0.556194940366658
0.293772893772894 0.714533472077697 0.561643835616438 0.453968253968254 0.473529401306482
0.331868131868132 0.577870274020118 0.561643835616438 0.476190476190476 0.455525276358799
0.421245421245421 0.416579951439473 0.561643835616438 0.368253968253968 0.447959448773703
0.19010989010989 0 0.561643835616438 0.298412698412698 0.127274197559842
0.264468864468865 0.506763787721124 0.561643835616438 0.457142857142857 0.397991524589682
0.396703296703297 0.602150537634409 0.712328767123288 0.466666666666667 0.525162757980418
0.452380952380952 0.741588622962192 0.712328767123288 0.492063492063492 0.596788266508726
0.597435897435897 0.885535900104058 0.712328767123288 0.634920634920635 0.713240833893229
0.40952380952381 0.77627471383975 0.712328767123288 0.584126984126984 0.584441872189828
0.369230769230769 0.555324314949705 0.123287671232877 0.441269841269841 0.358719791655168
0.867765567765568 0.901838362816511 0.561643835616438 0.965079365079365 0.80760076343793
0.55054945054945 0.868539715574055 0.643835616438356 0.625396825396825 0.670183896596998
0.709157509157509 0.931668400971211 0.945205479452055 0.844444444444444 0.830376208564798
0.463369963369963 0.830731876517516 0.315068493150685 0.580952380952381 0.536689726070324
0.383516483516483 0.748872702046479 0.315068493150685 0.463492063492064 0.475348691308688
0.315384615384615 0.612556364897676 0.315068493150685 0.434920634920635 0.404121169066021
0.397802197802198 0.567811307665626 0.315068493150685 0.349206349206349 0.431752958825828
0.577289377289377 0.835241068331599 0.315068493150685 0.546031746031746 0.591443873531072
0.689377289377289 0.739160596600763 0.315068493150685 0.634920634920635 0.612527122626756
0.814652014652015 0.789455428373222 0.465753424657534 0.888888888888889 0.723827838621106
0.516483516483516 0.906694415539369 0.808219178082191 0.587301587301587 0.698223938699666
0.332234432234432 0.71349288935137 0.808219178082191 0.457142857142857 0.540837717964363
0.365567765567766 0.787721123829344 0.424657534246575 0.53968253968254 0.5035426138423
0.261538461538462 0.61463753035033 0.424657534246575 0.393650793650794 0.400515596727126
0.368131868131868 0.763787721123829 0.424657534246575 0.504761904761905 0.498439281975367
0.563003663003663 0.835587929240375 0.383561643835617 0.60952380952381 0.604138125060075
0.395970695970696 0.725979882067291 0.383561643835617 0.53015873015873 0.492643545911284
0.434065934065934 0.877211238293444 0.383561643835617 0.565079365079365 0.552912548286371
0.5 0.807145334720777 0.383561643835617 0.584126984126984 0.566285625372361
0.51025641025641 0.833506763787721 0.452054794520548 0.606349206349206 0.595976755739575
0.515018315018315 0.758584807492196 0.452054794520548 0.520634920634921 0.576691737755755
0.512454212454212 0.653485952133195 0.452054794520548 0.476190476190476 0.544050860999608
0.461538461538461 0.712452306625043 0.452054794520548 0.501587301587302 0.537476178924777
0.495238095238095 0.640652098508498 0.452054794520548 0.514285714285714 0.532107356755979
0.364102564102564 0.753035032951786 0.452054794520548 0.485714285714286 0.499646063041296
0.676556776556777 0.885189039195283 0.410958904109589 0.73015873015873 0.6780118603845
0.636996336996337 0.818244883801596 0.410958904109589 0.6 0.640390810738663
0.520879120879121 0.835587929240375 0.410958904109589 0.628571428571429 0.59138916289626
0.471428571428571 0.808185917447104 0.410958904109589 0.568253968253968 0.559692220887358
0.552747252747253 0.734998265695456 0.47945205479452 0.6 0.594058539971439
0.641025641025641 0.842178286507111 0.47945205479452 0.685714285714286 0.667117297171652
0.415750915750916 0.622615331252168 0.47945205479452 0.555555555555556 0.494748283472497
0.454578754578755 0.775927852930975 0.47945205479452 0.546031746031746 0.558683680745728
0.779120879120879 0.877904960110996 0.575342465753425 0.59047619047619 0.764463976538923
0.805494505494505 0.870967741935484 0.575342465753425 0.752380952380952 0.7739905539374
0.563003663003663 0.763093999306278 0.575342465753425 0.558730158730159 0.629526765303992
0.558608058608059 0.784252514741589 0.575342465753425 0.53968253968254 0.633839641936957
0.572161172161172 0.785639958376691 0.52054794520548 0.568253968253968 0.628128308850406
0.487545787545788 0.853277835587929 0.52054794520548 0.634920634920635 0.606642993767681
0.501465201465201 0.701352757544225 0.52054794520548 0.495238095238095 0.569103142411847
0.639194139194139 0.838015955601804 0.547945205479452 0.742857142857143 0.681814082250987
0.46996336996337 0.675338189386056 0.547945205479452 0.520634920634921 0.551978761462018
0.928937728937729 0.922650017343045 0.547945205479452 0.895238095238095 0.837037522455716
0.676556776556777 0.944849115504683 0.547945205479452 0.714285714285714 0.731180144165584
0.696336996336996 0.85397155740548 0.547945205479452 0.682539682539683 0.712992102592758
0.558608058608059 0.741935483870968 0.150684931506849 0.431746031746032 0.50240443347925
0.46043956043956 0.802636142906694 0.150684931506849 0.453968253968254 0.475237310776446
0.471428571428571 0.699965313909122 0.150684931506849 0.479365079365079 0.453088185664619
0.355677655677656 0.602497398543184 0.150684931506849 0.46031746031746 0.374776207329269
0.35018315018315 0.640998959417274 0.150684931506849 0.46031746031746 0.382293062371366
0.456776556776557 0.497398543184183 0.150684931506849 0.488888888888889 0.389616910711239
0.583882783882784 0.421436004162331 0.150684931506849 0.46984126984127 0.416217102912782
0.494139194139194 0.579951439472771 0.150684931506849 0.457142857142857 0.429400590094466
0.481684981684982 0.643080124869927 0.150684931506849 0.53015873015873 0.441981991991603
0.672161172161172 0.529309746791537 0.150684931506849 0.565079365079365 0.485184206119392
0.378388278388278 0.61775927852931 0.150684931506849 0.438095238095238 0.389268928633999
0.443956043956044 0.716267776621575 0.575342465753425 0.434920634920635 0.55715250505553
0.503296703296703 0.506416926812348 0.575342465753425 0.428571428571429 0.519362415402025
0.383882783882784 0.475893166840097 0.575342465753425 0.422222222222222 0.452759770752628
0.474725274725275 0.706208810267083 0.575342465753425 0.514285714285714 0.569504434512873
0.417948717948718 0.522025667707249 0.575342465753425 0.450793650793651 0.484356977606113
0.363369963369963 0.651057925771765 0.575342465753425 0.488888888888889 0.496433037719475
0.311721611721612 0.711411723898717 0.575342465753425 0.453968253968254 0.48554078689503
0.362637362637363 0.535553243149497 0.575342465753425 0.53968253968254 0.461203021538506
0.411721611721612 0.596600763093999 0.575342465753425 0.485714285714286 0.504834976564679
0.395970695970696 0.570239334027055 0.397260273972603 0.492063492063492 0.451203742690895
0.357509157509157 0.573707943114811 0.397260273972603 0.39047619047619 0.433443598789371
0.365934065934066 0.446756850502948 0.397260273972603 0.438095238095238 0.398977045980552
0.405128205128205 0.187304890738814 0.397260273972603 0.520634920634921 0.321283258370783
0.268498168498169 0.458896982310094 0.397260273972603 0.33968253968254 0.35471698119195
0.297802197802198 0.55497745404093 0.397260273972603 0.355555555555556 0.3977280626704
0.568131868131868 0.123135622615331 0.397260273972603 0.412698412698413 0.35067297824281
0.277289377289377 0.472424557752341 0.109589041095891 0.295238095238095 0.290192584990582
0.578021978021978 0.534859521331946 0.109589041095891 0.450793650793651 0.433967609978143
0.529670329670329 0.43253555324315 0.109589041095891 0.463492063492064 0.383661415826318
0.546520146520146 0.631633714880333 0.109589041095891 0.571428571428571 0.449668268874856
0.345054945054945 0.643426985778703 0.109589041095891 0.425396825396825 0.365572678284565
0.321245421245421 0.682969129379119 0.109589041095891 0.336507936507937 0.364185385565492
0.532967032967033 0.547346514047867 0.109589041095891 0.415873015873016 0.419888411036417
0.389010989010989 0.468262226847034 0.109589041095891 0.393650793650794 0.338073083531062
0.576556776556776 0.48040235865418 0.109589041095891 0.384126984126984 0.416670846883124
0.357875457875458 0.482483524106833 0.109589041095891 0.263492063492063 0.328810132720112
0.465567765567765 0.562608394033992 0.109589041095891 0.406349206349206 0.396802349714297
0.473992673992674 0.329171002428026 0.109589041095891 0.285714285714286 0.328931850339503
0.050915750915751 0.428373222337842 0.109589041095891 0.298412698412698 0.153727268979529
0.191575091575091 0.230662504335761 0.109589041095891 0.266666666666667 0.184186000287615
0.215384615384615 0.138397502601457 0.109589041095891 0.336507936507937 0.163817091912126
0.00842490842490831 0.15227193895248 1 0.215873015873016 0.149128214512334
0.457875457875458 0.0527228581338883 1 0.279365079365079 0.355006146647198
0.273992673992674 0.10440513354145 1 0.336507936507937 0.311538612091968
0.0168498168498169 0.491155046826223 1 0.304761904761905 0.257574814381222
0.112087912087912 0.0443981963232742 1 0.406349206349206 0.189605755267031
0.262637362637363 0.0863683662851196 1 0.33015873015873 0.295293221868436
0.454945054945055 0.324661810613944 1 0.523809523809524 0.502659417920504
0.191941391941392 0.579604578563996 1 0.463492063492064 0.444534519572811
0.0483516483516482 0.608047173083593 1 0.326984126984127 0.330163383308254
0.303663003663004 0.648283038501561 1 0.457142857142857 0.536316769193421
0.457509157509157 0.520985084980923 1 0.380952380952381 0.578878521525475
0.465934065934066 0.544224765868887 1 0.336507936507937 0.591325044243763
0.143589743589744 0.547693374956642 1 0.257142857142857 0.400609715803214
0.755677655677655 0.508844953173777 1 0.612698412698413 0.713894126323938
0.434432234432234 0.909469302809573 1 0.580952380952381 0.69031586046003
0.597069597069597 0.845646895594866 1 0.698412698412698 0.757948969724839
0.501831501831502 0.812348248352411 1 0.561904761904762 0.698048523103914
0.356776556776557 0.877904960110996 1 0.634920634920635 0.635848679068911
0.447252747252747 0.664932362122789 1 0.596825396825397 0.622243366268244
0.365201465201465 0.72840790842872 1 0.596825396825397 0.596825396824872
0.527106227106227 0.64758931668401 1 0.549206349206349 0.657768438910792
0.557509157509158 0.68366285119667 1 0.393650793650794 0.68516984288895
0.364468864468864 0.676031911203607 1 0.447619047619048 0.580315016200824
0.366300366300366 0.568158168574402 1 0.574603174603175 0.546860728609428
0.253479853479854 0.651404786680541 1 0.59047619047619 0.506293863594088
0.562637362637363 0.559139784946237 1 0.558730158730159 0.644422673470687
0.358608058608059 0.75511619840444 0.73972602739726 0.774603174603175 0.555546822748448
0.61025641025641 0.734304543877905 0.73972602739726 0.577777777777778 0.678101841367507
0.417582417582417 0.88380159556018 0.73972602739726 0.622222222222222 0.62498564601722
0.525641025641026 0.718002081165453 0.73972602739726 0.79047619047619 0.631940062355785
0.725274725274725 0.850502948317725 0.73972602739726 0.990476190476191 0.76934538339431
0.769230769230769 0.828650711064863 0.73972602739726 0.873015873015873 0.782481184894448
0.463003663003663 0.893860561914672 0.73972602739726 0.679365079365079 0.652504322594647
0.833333333333333 0.806451612903226 0.575342465753425 0.780952380952381 0.765407447715127
0.616483516483516 0.740894901144641 0.575342465753425 0.857142857142857 0.647745009730273
0.265201465201465 0.901491501907735 0.575342465753425 0.787301587301587 0.508153636724865
0.466300366300366 0.871661463753035 0.575342465753425 0.949206349206349 0.613372679266041
0.696703296703297 0.583766909469303 0.575342465753425 0.80952380952381 0.631537243752005
0.613919413919414 0.612556364897676 0.575342465753425 0.996825396825397 0.605108827170545
0.844322344322344 0.836975372875477 0.575342465753425 0.828571428571429 0.780091950625865
0.758608058608058 0.9105098855359 0.931506849315068 0.765079365079365 0.8446450027492
0.680952380952381 0.881720430107527 0.931506849315068 0.898412698412698 0.798010282924819
0.841758241758242 0.891779396462019 0.931506849315068 0.803174603174603 0.877378189133328
0.703296703296703 0.906000693721818 0.931506849315068 0.93968253968254 0.816626506274025
0.631501831501831 0.969129379118973 0.931506849315068 0.949206349206349 0.800678623147949
0.881684981684982 0.894207422823448 0.931506849315068 0.885714285714286 0.896442669727099
0.815750915750916 0.916753381893861 0.876712328767123 0.606349206349206 0.862095121487856
0.876923076923077 0.927159209157128 0.876712328767123 0.558730158730159 0.89357714164768
0.767399267399267 0.77003121748179 0.684931506849315 0.615873015873016 0.750238929839762
0.826007326007326 0.83905653832813 0.684931506849315 0.555555555555556 0.799007294193998
0.46959706959707 0.9105098855359 1 0.615873015873016 0.710348059311159
1 0.914325355532431 1 0.476190476190476 0.970826271832526
0.37032967032967 0.810960804717308 1 0.53015873015873 0.624481816487532
0.529670329670329 0.960804717308359 0.465753424657534 0.453968253968254 0.644463439311499
0.330769230769231 0.936524453694069 0.465753424657534 0.552380952380952 0.532631272118417
0.433699633699634 0.691640652098509 0.465753424657534 0.733333333333333 0.52091951862623
0.16996336996337 0.688172043010753 0.465753424657534 0.593650793650794 0.372185313724358
0.395604395604396 0.442247658688866 0.465753424657534 0.634920634920635 0.425764136396402
0.191941391941392 0.560180367672563 0.465753424657534 0.580952380952381 0.353431583821679
0.33956043956044 0.267776621574748 0.465753424657534 0.752380952380952 0.338909768200516
0.547619047619048 0.469649670482137 0.465753424657534 0.523809523809524 0.503176367444245
0.194871794871795 0.236906000693722 0.465753424657534 0.571428571428571 0.258254781755047
0.476923076923077 0.512660423170309 0.465753424657534 0.688888888888889 0.48634017952278
0.369230769230769 0.74332292750607 0.465753424657534 0.53015873015873 0.502742541828624
0.645421245421245 0.0437044745057231 0.767123287671233 0.714285714285714 0.383743920770738
0.392307692307692 0.74020117932709 0.767123287671233 0.796825396825397 0.574906284189371
0.546886446886447 0.600069372181755 0.767123287671233 0.844444444444444 0.609122676365916
0.758608058608058 0.732570239334027 0.767123287671233 0.841269841269841 0.751627726290868
0.47032967032967 0.447103711411724 0.63013698630137 0.612698412698413 0.494424177061899
0.732234432234432 0.704474505723205 0.63013698630137 0.847619047619048 0.700524831922617
0.636630036630037 0.731876517516476 0.63013698630137 0.761904761904762 0.666422576210135
0.836263736263736 0.324314949705168 0.63013698630137 0.603174603174603 0.597396436712059
0.612454212454212 0.724245577523413 0.63013698630137 0.638095238095238 0.652790171038211
0.403296703296703 0.805064169268124 0.63013698630137 0.841269841269841 0.573027244692735
0.927472527472527 0.925078043704475 0.63013698630137 0.593650793650794 0.858287847229317
0.676190476190476 0.960110995490808 0.63013698630137 0.580952380952381 0.755288624156509
0.441758241758242 0.848074921956296 0.63013698630137 0.53968253968254 0.605683929168207
0.641391941391941 0.932708983697537 0.63013698630137 0.479365079365079 0.730491419381747
0.907692307692307 0.938258758237947 0.63013698630137 0.546031746031746 0.853918074542518
0.586446886446886 0.664585501214013 0.63013698630137 0.593650793650794 0.621531221776842
0.632234432234432 0.886576482830385 0.63013698630137 0.4 0.712314478206422
0.738827838827839 0.983003815469996 0.63013698630137 0.428571428571429 0.791657160529915
0.445054945054945 0.931668400971211 0.63013698630137 0.612698412698413 0.630821725477392
0.541391941391941 0.789455428373222 0.63013698630137 0.492063492063492 0.639110712362957
0.554212454212454 0.691293791189733 0.63013698630137 0.619047619047619 0.614965492972062
0.261172161172161 0.737773152965661 0.73972602739726 0.673015873015873 0.49340179957115
0.265567765567766 0.904613250086715 0.73972602739726 0.615873015873016 0.540640018282776
0.44981684981685 0.848074921956296 0.73972602739726 0.628571428571429 0.632261166975708
0.493040293040293 0.813041970169962 0.73972602739726 0.780952380952381 0.644625595845681
0.568864468864469 0.673950745750954 0.73972602739726 0.536507936507936 0.638805759872802
0.673260073260073 0.638570933055845 0.73972602739726 0.504761904761905 0.675350101340547
0.588644688644689 0.679500520291363 0.397260273972603 0.984126984126984 0.573193309748929
0.570695970695971 0.888657648283039 0.397260273972603 0.796825396825397 0.626471539908266
0.760805860805861 0.635102323968089 0.397260273972603 0.914285714285714 0.632380204480793
0.44981684981685 0.428373222337842 0.397260273972603 0.825396825396825 0.431142007538622
0.364835164835165 0.750953867499133 0.397260273972603 1 0.486827665038516
0.942857142857143 0.71661463753035 0.397260273972603 0.565079365079365 0.733366062054299
0.898534798534798 0.738466874783212 0.397260273972603 0.815873015873016 0.722939530884508
0.718681318681318 0.841137703780784 0.397260273972603 0.498412698412698 0.679831585537512
0.850915750915751 0.864030523759972 0.397260273972603 0.511111111111111 0.743626211392871
0.967032967032967 0.944155393687131 0.397260273972603 0.641269841269841 0.817091980804268
0.896336996336996 0.946236559139785 0.767123287671233 0.615873015873016 0.884182645814007
0.852014652014652 0.945889698231009 0.767123287671233 0.958730158730159 0.864098689920004
0.249084249084249 0.840790842872008 0.835616438356164 0.86984126984127 0.53006707926051
0.781684981684982 0.747832119320153 0.465753424657534 0.857142857142857 0.696392457284952
0.948717948717949 0.960804717308359 0.465753424657534 0.895238095238095 0.834914908971973
0.380952380952381 0.798473812001387 0.465753424657534 0.892063492063492 0.524023889384979
0.357509157509157 0.829344432882414 0.465753424657534 0.765079365079365 0.519758307407604
0.498168498168498 0.736038848421783 0.465753424657534 0.955555555555556 0.565286826873158
0.607326007326007 0.816857440166493 0.602739726027397 0.965079365079365 0.673138996276296
0.687912087912088 0.863683662851197 0.602739726027397 0.863492063492064 0.725210338351694
0.723076923076923 0.678459937565036 0.602739726027397 0.53968253968254 0.681573086842343
0.874358974358974 0.787721123829344 0.602739726027397 0.479365079365079 0.783538719771237
0.712820512820513 0.706208810267083 0.602739726027397 0.577777777777778 0.686316736997667
0.586813186813187 0.555671175858481 0.972602739726027 0.549206349206349 0.649982211599869
0.707692307692308 0.959070412764481 0.972602739726027 0.628571428571429 0.843785276795966
0.764835164835165 0.595213319458897 0.972602739726027 0.746031746031746 0.746245540657693
0.808791208791209 0.61775927852931 0.972602739726027 0.726984126984127 0.774184542696421
0.576190476190476 0.840097121054457 0.917808219178082 0.6 0.730116416410209
0.494505494505495 0.800554977454041 0.917808219178082 0.53015873015873 0.67563989735556
0.486813186813187 0.840443981963233 0.52054794520548 0.749206349206349 0.602636693996725
0.525641025641026 0.946236559139785 0.73972602739726 0.701587301587302 0.700603340272223
0.617216117216117 0.965313909122442 0.73972602739726 0.485714285714286 0.752745387362536
0.725641025641026 0.858827610128339 0.73972602739726 0.555555555555556 0.772168005672593
0.830769230769231 0.924384321886923 0.383561643835617 0.761904761904762 0.749526328761825
0.641025641025641 0.819285466527922 0.383561643835617 0.628571428571429 0.635087092010567
0.456776556776557 0.900450919181408 0.383561643835617 0.53968253968254 0.570604186172026
0.413553113553114 0.938258758237947 0.821917808219178 0.679365079365079 0.653955985243555
0.658608058608058 0.909469302809573 0.821917808219178 0.892063492063492 0.773624801444585
0.611355311355311 0.964273326396115 0.821917808219178 0.987301587301587 0.76684557786656
0.333333333333333 0.796392646548734 0.821917808219178 0.742857142857143 0.567733532339344
0.536630036630036 0.783211932015262 0.821917808219178 0.901587301587302 0.673916899170269
0.791575091575092 0.620187304890739 0.986301369863014 0.736507936507937 0.770075530202938
0.729304029304029 0.8210197710718 0.986301369863014 0.565079365079365 0.812224939829357
0.626373626373626 0.805064169268124 0.986301369863014 0.485714285714286 0.757038825033049
0.591575091575092 0.738813735691987 0.808219178082191 0.352380952380952 0.684341258007798
0.76996336996337 0.953173777315297 0.808219178082191 0.542857142857143 0.837667394662039
0.863003663003663 0.945195976413458 0.808219178082191 0.457142857142857 0.878110159487626
0.635897435897436 0.905653832813042 0.493150684931507 0.526984126984127 0.686943217714697
0.93040293040293 0.771071800208116 0.493150684931507 0.596825396825397 0.773440304385535
0.721245421245421 0.707943114810961 0.493150684931507 0.355555555555556 0.66451462886341
0.642857142857143 0.851196670135276 0.493150684931507 0.406349206349206 0.674094403613799
0.4 0.812348248352411 0.493150684931507 0.46984126984127 0.544036552418114
0.034065934065934 0.519250780437045 0.493150684931507 0.574603174603175 0.225759306326326
0.454945054945055 0.896288588276101 0.493150684931507 0.507936507936508 0.59563131872673
0.418681318681319 0.90426638917794 0.493150684931507 0.596825396825397 0.578843716457023
0.507692307692308 0.858133888310787 0.493150684931507 0.574603174603175 0.611637289702648
0.617948717948718 0.739160596600763 0.493150684931507 0.488888888888889 0.628648482706777
0.302197802197802 0.767950052029136 0.493150684931507 0.428571428571429 0.478768154407502
0.378754578754579 0.900104058272633 0.493150684931507 0.634920634920635 0.556266110617345
0.33040293040293 0.828303850156087 0.493150684931507 0.622222222222222 0.510607205506289
0.55018315018315 0.758931668400971 0.493150684931507 0.571428571428571 0.603294980665635
0.451648351648352 0.844259451959764 0.493150684931507 0.546031746031746 0.579594133224468
0.566300366300366 0.807492195629553 0.493150684931507 0.453968253968254 0.625344355571637
0.547985347985348 0.911203607353451 0.328767123287671 0.558730158730159 0.602912307540983
0.425274725274725 0.722858133888311 0.328767123287671 0.46984126984127 0.492451352382861
0.303296703296703 0.630246271245231 0.328767123287671 0.384126984126984 0.405967128773133
0.562271062271062 0.861255636489768 0.328767123287671 0.457142857142857 0.595817525941166
0.568131868131868 0.662157474852584 0.328767123287671 0.546031746031746 0.540659010520064
0.524542124542125 0.794658342004856 0.328767123287671 0.498412698412698 0.559621330039221
0.440659340659341 0.746791536593826 0.328767123287671 0.511111111111111 0.506517796904429
0.361904761904762 0.669788414845647 0.328767123287671 0.46031746031746 0.446627696701604
0.532234432234432 0.432882414151925 0.698630136986301 0.428571428571429 0.530353145899143
0.463003663003663 0.515782171349289 0.698630136986301 0.495238095238095 0.527572816382213
0.302564102564103 0.709330558446063 0.698630136986301 0.444444444444444 0.502978294440737
0.421611721611721 0.62712452306625 0.698630136986301 0.434920634920635 0.54325075807233
0.526007326007326 0.818938605619147 0.698630136986301 0.879365079365079 0.65481200626137
0.523809523809524 0.830385015608741 0.246575342465754 0.365079365079365 0.544747085646109
0.423809523809524 0.801595560180368 0.246575342465754 0.6 0.489925573089118
0.362271062271062 0.661463753035033 0.246575342465754 0.831746031746032 0.422886458420824
0.371794871794872 0.856399583766909 0.246575342465754 0.396825396825397 0.478111781926003
0.431868131868132 0.89247311827957 0.246575342465754 0.387301587301587 0.517383788654399
0.404761904761905 0.855359001040583 0.246575342465754 0.574603174603175 0.494475922756504
0.398534798534799 0.625043357613597 0.246575342465754 0.619047619047619 0.430242314716282
0.864835164835165 0.722858133888311 0.246575342465754 0.685714285714286 0.656923081126769
0.608058608058608 0.814082552896289 0.890410958904109 0.568253968253968 0.732597890049205
0.665201465201465 0.753381893860562 0.835616438356164 0.606349206349206 0.729734260962255
0.73040293040293 0.637530350329518 0.602739726027397 0.431746031746032 0.670834018616721
0.415384615384615 0.797086368366285 0.602739726027397 0.796825396825397 0.571558699081899
0.372893772893773 0.871661463753035 0.438356164383562 0.419047619047619 0.532927424899501
0.599267399267399 0.834547346514048 0.438356164383562 0.495238095238095 0.635108131005849
0.642857142857143 0.790842872008325 0.561643835616438 0.406349206349206 0.672314260315964
0.754212454212454 0.728754769337496 0.684931506849315 0.53015873015873 0.730610073200859
0.58974358974359 0.702393340270552 0.315068493150685 0.561904761904762 0.558435548279151
0.622344322344322 0.773499826569546 0.315068493150685 0.558730158730159 0.593842128196014
0.367765567765568 0.730835934790149 0.506849315068493 0.634920634920635 0.507461282615045
0.676923076923077 0.74644467568505 0.506849315068493 0.473015873015873 0.660774164390445
0.286813186813187 0.878251821019771 0.684931506849315 0.501587301587302 0.536942092879323
0.386813186813187 0.768643773846687 0 0.374603174603175 0.32994119575932
0.487912087912088 0.819632327436698 0 0.714285714285714 0.382547424875777
0.554945054945055 0.908775580992022 0.246575342465754 0.536507936507936 0.580230308936896
0.456776556776557 0.703433922996878 0.246575342465754 0.574603174603175 0.479069349597986
0.451282051282051 0.629205688518904 0.246575342465754 0.279365079365079 0.455692342090533
0.556043956043956 0.848074921956296 0.246575342465754 0.279365079365079 0.564292221707406
0.502197802197802 0.860908775580992 0.246575342465754 0.317460317460317 0.542933500218627
0.176556776556777 0.864377384668748 0.246575342465754 0.282539682539683 0.369036596933352
0.338095238095238 0.861255636489768 0.246575342465754 0.263492063492063 0.461839898845582
0.0304029304029305 0.878251821019771 0.246575342465754 0.257142857142857 0.249212957447931
0.00952380952380945 0.798473812001387 0.246575342465754 0.165079365079365 0.202497519961071
0.891208791208791 0.912591050988554 0.246575342465754 0.171428571428571 0.726088472723462
0.647985347985348 0.789455428373222 0.246575342465754 0.187301587301587 0.588350679660863
0.701098901098901 0.875476933749566 0.246575342465754 0.2 0.63590247950902
0.549450549450549 0.458203260492542 0.246575342465754 0.231746031746032 0.445324721633745
0.491941391941392 0.608394033992369 0.246575342465754 0.120634920634921 0.467792120779917
0.764835164835165 0.670482136663198 0.246575342465754 0.0698412698412698 0.600638371265724
0.60989010989011 0.629205688518904 0.246575342465754 0.174603174603175 0.52453083747927
0.24029304029304 0.798473812001387 0.246575342465754 0.0761904761904762 0.393006223068232
0.234432234432234 0.576482830385016 0.246575342465754 0.165079365079365 0.335388838426166
0.145421245421245 0.715227193895248 0.246575342465754 0.206349206349206 0.315612151349297
0.043956043956044 0.560874089490114 0.246575342465754 0.320634920634921 0.204265002068357
0 0.821713492889351 0.246575342465754 0.577777777777778 0.168392013844743
0.186813186813187 0.583073187651752 0.246575342465754 0.149206349206349 0.310433521645505
0.305128205128205 0.606312868539716 0.246575342465754 0.279365079365079 0.379908037510836
0.428937728937729 0.602497398543184 0.246575342465754 0.244444444444444 0.437914593596491
0.057142857142857 0.262573707943115 0.246575342465754 0.257142857142857 0.14887914909518
0.480952380952381 0.331945889698231 0.246575342465754 0.238095238095238 0.374552515141953
0.368864468864469 0.246964967048214 0.246575342465754 0.111111111111111 0.298783441458438
0.582783882783883 0.31321540062435 0.246575342465754 0 0.407003233690314
0.558608058608059 0.47173083593479 0.246575342465754 0.0412698412698413 0.453503430718582
0.317582417582418 0.33749566423864 0.246575342465754 0.019047619047619 0.308087479285438
0.20989010989011 0.250086715227194 0.246575342465754 0.0698412698412698 0.230814258507692
0.356043956043956 0.216788067984738 0.246575342465754 0.225396825396825 0.282273364449633
0.405494505494505 0.0062434963579604 0.246575342465754 0.104761904761905 0.176104054163309
0.535897435897436 0 0.246575342465754 0.111111111111111 0.190149577977059
0.558241758241758 0.0877558099202219 0.246575342465754 0 0.294048985970754
0.171794871794872 0.00659035726673596 0.246575342465754 0.219047619047619 0.102532165905196
0.238461538461538 0.345473465140479 0.246575342465754 0.726984126984127 0.274003634071283
0.294139194139194 0.475199445022546 0.246575342465754 0.387301587301587 0.338580385254708
0.266666666666667 0.417967395074575 0.246575342465754 0.714285714285714 0.308924305496892
0.26996336996337 0.177939646201873 0.246575342465754 0.317460317460317 0.232188201350268
0.722344322344322 0.542490461325009 0.246575342465754 0.387301587301587 0.542131068454305
0.321245421245421 0.50156087408949 0.246575342465754 0.40952380952381 0.359061631424706
0.650915750915751 0.47485258411377 0.246575342465754 0.358730158730159 0.491330379378093
0.100732600732601 0.396808879639265 0.246575342465754 0.0634920634920635 0.212128547158464
0.569230769230769 0.377731529656608 0.246575342465754 0.0698412698412698 0.425598711174063
0.696703296703297 0.00763093999306275 0.246575342465754 0.0793650793650794 0.261753809205246
0.155311355311355 0.0291363163371487 0.246575342465754 0.171428571428571 0.11631824861692
0.394505494505494 0.140131807145335 0.246575342465754 0.120634920634921 0.265042228192538
0.712087912087912 0.363857093305584 0.246575342465754 0.107936507936508 0.474486776182115
0.560805860805861 0.36420395421436 0.246575342465754 0.371428571428571 0.417481274768893
0.412454212454212 0.382934443288241 0.246575342465754 0.292063492063492 0.363870549747295
0.281318681318681 0.118973291710024 0.246575342465754 0.501587301587302 0.212455457499882
0.447985347985348 0.27159209157128 0.246575342465754 0.266666666666667 0.339483711093643
0.250915750915751 0.259105098855359 0.246575342465754 0.212698412698413 0.252712242100908
0.372161172161172 0.647936177592785 0.246575342465754 0.104761904761905 0.424021695709928
0.35054945054945 0.152965660770031 0.246575342465754 0.165079365079365 0.254233552202841
0.484249084249084 0.382587582379466 0.246575342465754 0.187301587301587 0.393503770673707
0.480952380952381 0.718002081165453 0.246575342465754 0.19047619047619 0.494212544490503
0.549450549450549 0.332639611515782 0.246575342465754 0.142857142857143 0.401602221153603
0.537728937728938 0.372181755116198 0.246575342465754 0.301587301587302 0.411288865246018
0.715384615384615 0.0610475199445022 0.246575342465754 0.288888888888889 0.32514969038881
0.565934065934066 0.174124176205342 0.246575342465754 0.352380952380952 0.342445532095015
0.56996336996337 0.144640998959417 0.246575342465754 0.295238095238095 0.329464886680486
0.486446886446886 0.353451266042317 0.246575342465754 0.212698412698413 0.384338673202378
0.64065934065934 0.279916753381894 0.246575342465754 0.266666666666667 0.415228129459723
0.579120879120879 0.547693374956642 0.246575342465754 0.146031746031746 0.486389710886123
0.465934065934066 0.524106833159903 0.246575342465754 0.117460317460317 0.431230899826777
0.386446886446886 0.579604578563996 0.246575342465754 0.107936507936508 0.41185274546649
0.273626373626374 0.260839403399237 0.246575342465754 0.247619047619048 0.263444888790226
0.343589743589743 0.473465140478668 0.246575342465754 0.174603174603175 0.361439863289495
0.558974358974359 0.222684703433923 0.246575342465754 0.384126984126984 0.361708150221966
0.490476190476191 0.524453694068678 0.246575342465754 0.425396825396825 0.441903814823843
0.587912087912088 0.565036420395421 0.246575342465754 0.33015873015873 0.495489448563901
0.356776556776557 0.322233784252515 0.246575342465754 0.184126984126984 0.320142552210604
0.578388278388278 0.233437391605966 0.246575342465754 0.215873015873016 0.37332055643754
0.535164835164835 0.45681581685744 0.246575342465754 0.314285714285714 0.439054443404599
0.502197802197802 0.385709330558446 0.246575342465754 0.241269841269841 0.401831612899365
0.478021978021978 0.651404786680541 0.246575342465754 0.288888888888889 0.474091431086848
0.563003663003663 0.506070065903573 0.246575342465754 0.253968253968254 0.466474456584533
0.684615384615384 0.542490461325009 0.246575342465754 0.266666666666667 0.527308541500803
0.65018315018315 0.261533125216788 0.246575342465754 0.323809523809524 0.411040682307785
0.519047619047619 0.442594519597641 0.246575342465754 0.352380952380952 0.427784600884177
0.92051282051282 0.151231356226153 0.246575342465754 0.406349206349206 0.447559933733663
0.676923076923077 0.275060700659036 0.246575342465754 0.314285714285714 0.426281330591623
0.602564102564103 0.301768990634755 0.246575342465754 0.288888888888889 0.409976087988797
0.401465201465201 0.391605966007631 0.246575342465754 0.244444444444444 0.362011050546959
0.386813186813187 0.493236212278876 0.246575342465754 0.26984126984127 0.386997094339689
0.520512820512821 0.414845646895595 0.246575342465754 0.314285714285714 0.419126271184972
0.43992673992674 0.243496357960458 0.246575342465754 0.476190476190476 0.325625693056018
0.667032967032967 0.236906000693722 0.246575342465754 0.361904761904762 0.406436660933368
0.547985347985348 0.451612903225806 0.246575342465754 0.403174603174603 0.442546470530967
0.526373626373626 0.49843912591051 0.246575342465754 0.46031746031746 0.448899305849923
0.598168498168498 0.439819632327437 0.246575342465754 0.482539682539683 0.45862237053419
0.486813186813187 0.398890045091918 0.246575342465754 0.520634920634921 0.400060498811235
0.321978021978022 0.463753035032952 0.246575342465754 0.473015873015873 0.348545064115339
0.392673992673993 0.45369406867846 0.246575342465754 0.444444444444444 0.377687769814612
0.411355311355311 0.469649670482137 0.246575342465754 0.447619047619048 0.390801520360244
0.383150183150183 0.488033298647243 0.246575342465754 0.447619047619048 0.383798478614735
0.305128205128205 0.419701699618453 0.246575342465754 0.479365079365079 0.327726774257801
0.471428571428571 0.439819632327437 0.246575342465754 0.473015873015873 0.407174497239241
0.494139194139194 0.409295872355185 0.246575342465754 0.463492063492064 0.406541876850099
0.57032967032967 0.481096080471731 0.246575342465754 0.577777777777778 0.461336991727119
0.769230769230769 0.505723204994797 0.246575342465754 0.787301587301587 0.547610917465485
0.2003663003663 0.558792924037461 0.246575342465754 0.279365079365079 0.312162860898849
0.46959706959707 0.499132847728061 0.246575342465754 0.263492063492063 0.425143715177293
0.587545787545787 0.560527228581339 0.246575342465754 0.371428571428571 0.493919523500466
0.155311355311355 0.583420048560527 0.246575342465754 0.222222222222222 0.291668936334276
0.478021978021978 0.711758584807492 0.246575342465754 0.304761904761905 0.491135027156662
0.494139194139194 0.610128338536247 0.246575342465754 0.520634920634921 0.469267791931589
0.498901098901099 0.578563995837669 0.246575342465754 0.571428571428571 0.461970984700423
0.684981684981685 0.473812001387444 0.246575342465754 0.593650793650794 0.504224501986222
0.798901098901099 0.329171002428026 0.246575342465754 0.634920634920635 0.492036179510021
0.323076923076923 0.439819632327437 0.246575342465754 0.533333333333333 0.342036531942009
0.363003663003663 0.556711758584807 0.246575342465754 0.495238095238095 0.394425427773715
0.524542124542125 0.503642039542144 0.246575342465754 0.514285714285714 0.449789364311148
0.452014652014652 0.622268470343392 0.246575342465754 0.447619047619048 0.454039082729768
0.375457875457876 0.570586194935831 0.246575342465754 0.495238095238095 0.404179539551991
0.21025641025641 0.664238640305238 0.246575342465754 0.323809523809524 0.34371936058545
0.195604395604395 0.439472771418661 0.246575342465754 0.0634920634920635 0.27869918425894
0.078021978021978 0.232743669788415 0.246575342465754 0.0984126984126984 0.155186476754697
0.404029304029304 0.42074228234478 0.246575342465754 0.273015873015873 0.3724107830594
0.404029304029304 0.204647936177593 0.246575342465754 0.479365079365079 0.296373798640787
0.302930402930403 0.443288241415192 0.246575342465754 0.533333333333333 0.333622494738294
0.383150183150183 0.613943808532778 0.246575342465754 0.619047619047619 0.41992769907007
0.289377289377289 0.696149843912591 0.246575342465754 0.574603174603175 0.395068386813276
0.186813186813187 0.800208116545265 0.246575342465754 0.466666666666667 0.361325033441561
0.334798534798535 0.825528962885883 0.26027397260274 0.422222222222222 0.455208069024865
0.417216117216117 0.70724939299341 0.26027397260274 0.514285714285714 0.465580731134063
0.252380952380952 0.60596600763094 0.26027397260274 0.396825396825397 0.356013777408974
0.42014652014652 0.701699618453 0.26027397260274 0.374603174603175 0.465459347361868
0.627472527472527 0.549080818591745 0.26027397260274 0.552380952380952 0.510751396153078
0.454212454212454 0.671522719389525 0.383561643835617 0.495238095238095 0.505651319531518
0.767765567765568 0.442247658688866 0.383561643835617 0.6 0.563116641586183
0.701098901098901 0.237252861602497 0.383561643835617 0.53968253968254 0.453171180964264
0.421245421245421 0.0391952826916406 0.383561643835617 0.219047619047619 0.241413442543565
0.620879120879121 0.44190079778009 0.383561643835617 0.603174603174603 0.504885275107715
0.564468864468864 0.605619146722164 0.383561643835617 0.526984126984127 0.535982643112968
0.844322344322344 0.652098508498092 0.383561643835617 0.942857142857143 0.668213407986486
0.775824175824176 0.59729448491155 0.383561643835617 0.901587301587302 0.621981155639968
0.83040293040293 0.458203260492542 0.136986301369863 0.990476190476191 0.513929528695117
0.567765567765568 0.335414498785987 0.136986301369863 0.752380952380952 0.375772079052988
0.414652014652014 0.579604578563996 0.136986301369863 0.568253968253968 0.390318299864599
0.473260073260073 0.620534165799514 0.136986301369863 0.701587301587302 0.426994048271651
0.275091575091575 0.544918487686438 0.136986301369863 0.365079365079365 0.317164303450454
0.411721611721612 0.571626777662158 0.917808219178082 0.441269841269841 0.559065756246174
0.548351648351648 0.733263961151578 0.575342465753425 0.317460317460317 0.613422525361769
0.413553113553114 0.753728754769337 0.575342465753425 0.441269841269841 0.552487709886351
0.36959706959707 0.873048907388137 0.452054794520548 0.53015873015873 0.534718692204425
0.391575091575092 0.843912591050989 0.452054794520548 0.488888888888889 0.538750145582046
0.445421245421245 0.795352063822407 0.452054794520548 0.419047619047619 0.553177095365163
0.349450549450549 0.895941727367326 0.931506849315068 0.473015873015873 0.624703663257733
0.386446886446886 0.751647589316684 0.931506849315068 0.574603174603175 0.604398712162254
0.406593406593407 0.928893513701006 0.931506849315068 0.396825396825397 0.667690807256185
0.210989010989011 0.966701352757544 0.931506849315068 0.482539682539683 0.552485306072762
0.31025641025641 0.88380159556018 0.931506849315068 0.419047619047619 0.597283593435148
0.252747252747253 0.887963926465487 0.931506849315068 0.273015873015873 0.561197271249367
0.397435897435897 0.637530350329518 0.931506849315068 0.463492063492064 0.575162788518829
