0.620879120879121 0.895941727367326 0.917808219178082 0.603174603174603 0.74002670278242
0.564468864468864 0.751647589316684 0.575342465753425 0.526984126984127 0.612299366441036
0.844322344322344 0.928893513701006 0.575342465753425 0.942857142857143 0.829124204749915
0.775824175824176 0.966701352757544 0.452054794520548 0.901587301587302 0.783828219308403
0.83040293040293 0.88380159556018 0.452054794520548 0.990476190476191 0.797115279226878
0.567765567765568 0.887963926465487 0.452054794520548 0.752380952380952 0.638099766309578
0.414652014652014 0.637530350329518 0.931506849315068 0.568253968253968 0.574778428257096
0.473260073260073 0.404439819632327 0.931506849315068 0.701587301587302 0.556169855416889
0.275091575091575 0.0305237599722511 0.931506849315068 0.365079365079365 0.42496348219996
0.411721611721612 0.475546305931322 0.931506849315068 0.441269841269841 0.537633956693742
0.548351648351648 0.359347901491502 0.931506849315068 0.317460317460317 0.591387910043689
0.413553113553114 0.608394033992369 0.931506849315068 0.441269841269841 0.567262206473742
0.36959706959707 0.523759972251127 0.931506849315068 0.53015873015873 0.528285608972426
0.391575091575092 0.782171349288935 0.136986301369863 0.488888888888889 0.483646944655913
0.445421245421245 0.712799167533819 0.136986301369863 0.419047619047619 0.489110490810887
0.349450549450549 0.774887270204648 0.136986301369863 0.473015873015873 0.460295322005988
0.386446886446886 0.840443981963233 0.136986301369863 0.574603174603175 0.50228605758123
0.406593406593407 0.559833506763788 0.136986301369863 0.396825396825397 0.418981828826072
0.210989010989011 0.663198057578911 0.136986301369863 0.482539682539683 0.357548243896017
0.31025641025641 0.67741935483871 0.136986301369863 0.419047619047619 0.405508503788105
0.252747252747253 0.339576829691294 0.136986301369863 0.273015873015873 0.261379200376595
0.397435897435897 0.588969823100936 0.136986301369863 0.463492063492064 0.422287269211788
0.462271062271062 0.419354838709677 0.136986301369863 0.323809523809524 0.418877851565872
0.341758241758242 0.37911897329171 0.136986301369863 0.301587301587302 0.32820082581756
0.382417582417583 0.503295178633368 0.136986301369863 0.336507936507937 0.387732424530996
0.263369963369963 0.496011099549081 0.136986301369863 0.282539682539683 0.317187805113675
0.341758241758242 0.55497745404093 0.136986301369863 0.368253968253968 0.379447887393445
0.427472527472527 0.469302809573361 0.136986301369863 0.311111111111111 0.407280886338818
0.591575091575092 0.624696496704821 0.136986301369863 0.425396825396825 0.555051072740802
0.657142857142857 0.653139091224419 0.136986301369863 0.507936507936508 0.606097396807292
0.305128205128205 0.284772806104752 0.136986301369863 0.244444444444444 0.281169356820284
0.436630036630037 0.616371834894207 0.136986301369863 0.301587301587302 0.453960582820996
0.391941391941392 0.10752688172043 0.136986301369863 0.26031746031746 0.318722133131906
0.300732600732601 0.432188692334374 0.136986301369863 0.257142857142857 0.317367823397175
0.445421245421245 0.363163371488033 0.136986301369863 0.26984126984127 0.395193754302235
0.385714285714286 0.732917100242803 0.383561643835617 0.441269841269841 0.484009589912599
0.352014652014652 0.672910163024627 0.383561643835617 0.476190476190476 0.447303238837885
0.355311355311355 0.764481442941381 0.383561643835617 0.507936507936508 0.480205983843308
0.397802197802198 0.717308359347901 0.383561643835617 0.625396825396825 0.48497035419064
0.628205128205128 0.918834547346514 0.506849315068493 0.819047619047619 0.687593425996007
0.785347985347985 1 0.506849315068493 0.949206349206349 0.803869225011643
0.692307692307692 0.900797780090184 0.561643835616438 0.685714285714286 0.726291037117644
0.472161172161172 0.867152271938953 0.561643835616438 0.644444444444444 0.594900447765648
0.487545787545788 0.810613943808533 0.561643835616438 0.625396825396825 0.584984484689977
0.435531135531135 0.737426292056885 0.561643835616438 0.514285714285714 0.535855787184376
0.293772893772894 0.714533472077697 0.561643835616438 0.453968253968254 0.463779403872093
0.331868131868132 0.577870274020118 0.561643835616438 0.476190476190476 0.437055197709155
0.421245421245421 0.416579951439473 0.561643835616438 0.368253968253968 0.444679423925426
0.19010989010989 0 0.561643835616438 0.298412698412698 0.26642139571263
0.264468864468865 0.506763787721124 0.561643835616438 0.457142857142857 0.385788655812984
0.396703296703297 0.602150537634409 0.712328767123288 0.466666666666667 0.506299063892032
0.452380952380952 0.741588622962192 0.712328767123288 0.492063492063492 0.572096360920063
0.597435897435897 0.885535900104058 0.712328767123288 0.634920634920635 0.688708759584478
0.40952380952381 0.77627471383975 0.712328767123288 0.584126984126984 0.561957382375866
0.369230769230769 0.555324314949705 0.123287671232877 0.441269841269841 0.394645755366153
0.867765567765568 0.901838362816511 0.561643835616438 0.965079365079365 0.836210221029061
0.55054945054945 0.868539715574055 0.643835616438356 0.625396825396825 0.647925523508991
0.709157509157509 0.931668400971211 0.945205479452055 0.844444444444444 0.802104712823565
0.463369963369963 0.830731876517516 0.315068493150685 0.580952380952381 0.549515139657649
0.383516483516483 0.748872702046479 0.315068493150685 0.463492063492064 0.480719156335848
0.315384615384615 0.612556364897676 0.315068493150685 0.434920634920635 0.400393287944011
0.397802197802198 0.567811307665626 0.315068493150685 0.349206349206349 0.430635210320059
0.577289377289377 0.835241068331599 0.315068493150685 0.546031746031746 0.614679146630673
0.689377289377289 0.739160596600763 0.315068493150685 0.634920634920635 0.658258356834167
0.814652014652015 0.789455428373222 0.465753424657534 0.888888888888889 0.765669838300861
0.516483516483516 0.906694415539369 0.808219178082191 0.587301587301587 0.66977650808307
0.332234432234432 0.71349288935137 0.808219178082191 0.457142857142857 0.530674439484984
0.365567765567766 0.787721123829344 0.424657534246575 0.53968253968254 0.498278186979134
0.261538461538462 0.61463753035033 0.424657534246575 0.393650793650794 0.392251825931478
0.368131868131868 0.763787721123829 0.424657534246575 0.504761904761905 0.491183303989441
0.563003663003663 0.835587929240375 0.383561643835617 0.60952380952381 0.612452210859835
0.395970695970696 0.725979882067291 0.383561643835617 0.53015873015873 0.486877048922208
0.434065934065934 0.877211238293444 0.383561643835617 0.565079365079365 0.55710572698226
0.5 0.807145334720777 0.383561643835617 0.584126984126984 0.568209535903943
0.51025641025641 0.833506763787721 0.452054794520548 0.606349206349206 0.589635405857171
0.515018315018315 0.758584807492196 0.452054794520548 0.520634920634921 0.569554531421989
0.512454212454212 0.653485952133195 0.452054794520548 0.476190476190476 0.538498033452283
0.461538461538461 0.712452306625043 0.452054794520548 0.501587301587302 0.526042387855444
0.495238095238095 0.640652098508498 0.452054794520548 0.514285714285714 0.524837555667063
0.364102564102564 0.753035032951786 0.452054794520548 0.485714285714286 0.489383130433139
0.676556776556777 0.885189039195283 0.410958904109589 0.73015873015873 0.69669316790681
0.636996336996337 0.818244883801596 0.410958904109589 0.6 0.653972427387564
0.520879120879121 0.835587929240375 0.410958904109589 0.628571428571429 0.591486143723133
0.471428571428571 0.808185917447104 0.410958904109589 0.568253968253968 0.556055173412544
0.552747252747253 0.734998265695456 0.47945205479452 0.6 0.58799966655932
0.641025641025641 0.842178286507111 0.47945205479452 0.685714285714286 0.670093837567091
0.415750915750916 0.622615331252168 0.47945205479452 0.555555555555556 0.478551589449144
0.454578754578755 0.775927852930975 0.47945205479452 0.546031746031746 0.545434764374661
0.779120879120879 0.877904960110996 0.575342465753425 0.59047619047619 0.775147182638872
0.805494505494505 0.870967741935484 0.575342465753425 0.752380952380952 0.790147939994457
0.563003663003663 0.763093999306278 0.575342465753425 0.558730158730159 0.614576442511254
0.558608058608059 0.784252514741589 0.575342465753425 0.53968253968254 0.617936911480659
0.572161172161172 0.785639958376691 0.52054794520548 0.568253968253968 0.618638831065467
0.487545787545788 0.853277835587929 0.52054794520548 0.634920634920635 0.59250376078015
0.501465201465201 0.701352757544225 0.52054794520548 0.495238095238095 0.55455883410333
0.639194139194139 0.838015955601804 0.547945205479452 0.742857142857143 0.675871264523002
0.46996336996337 0.675338189386056 0.547945205479452 0.520634920634921 0.533818375667327
0.928937728937729 0.922650017343045 0.547945205479452 0.895238095238095 0.879826760985521
0.676556776556777 0.944849115504683 0.547945205479452 0.714285714285714 0.727751207499805
0.696336996336996 0.85397155740548 0.547945205479452 0.682539682539683 0.714514257488355
0.558608058608059 0.741935483870968 0.150684931506849 0.431746031746032 0.565971081365981
0.46043956043956 0.802636142906694 0.150684931506849 0.453968253968254 0.527640224536628
0.471428571428571 0.699965313909122 0.150684931506849 0.479365079365079 0.500755113887014
0.355677655677656 0.602497398543184 0.150684931506849 0.46031746031746 0.40348991899735
0.35018315018315 0.640998959417274 0.150684931506849 0.46031746031746 0.41345619699217
0.456776556776557 0.497398543184183 0.150684931506849 0.488888888888889 0.434392770568924
0.583882783882784 0.421436004162331 0.150684931506849 0.46984126984127 0.506046523213879
0.494139194139194 0.579951439472771 0.150684931506849 0.457142857142857 0.480177266743947
0.481684981684982 0.643080124869927 0.150684931506849 0.53015873015873 0.48990625159907
0.672161172161172 0.529309746791537 0.150684931506849 0.565079365079365 0.590024830995599
0.378388278388278 0.61775927852931 0.150684931506849 0.438095238095238 0.421130036858071
0.443956043956044 0.716267776621575 0.575342465753425 0.434920634920635 0.536075290228756
0.503296703296703 0.506416926812348 0.575342465753425 0.428571428571429 0.515670807770016
0.383882783882784 0.475893166840097 0.575342465753425 0.422222222222222 0.43930023189281
0.474725274725275 0.706208810267083 0.575342465753425 0.514285714285714 0.549464439352662
0.417948717948718 0.522025667707249 0.575342465753425 0.450793650793651 0.469303111792628
0.363369963369963 0.651057925771765 0.575342465753425 0.488888888888889 0.476413535983608
0.311721611721612 0.711411723898717 0.575342465753425 0.453968253968254 0.472545075427171
0.362637362637363 0.535553243149497 0.575342465753425 0.53968253968254 0.443146677140278
0.411721611721612 0.596600763093999 0.575342465753425 0.485714285714286 0.485209450293087
0.395970695970696 0.570239334027055 0.397260273972603 0.492063492063492 0.440592971774297
0.357509157509157 0.573707943114811 0.397260273972603 0.39047619047619 0.420545621679189
0.365934065934066 0.446756850502948 0.397260273972603 0.438095238095238 0.389966200075721
0.405128205128205 0.187304890738814 0.397260273972603 0.520634920634921 0.366977071501095
0.268498168498169 0.458896982310094 0.397260273972603 0.33968253968254 0.340305676734202
0.297802197802198 0.55497745404093 0.397260273972603 0.355555555555556 0.384318621087454
0.568131868131868 0.123135622615331 0.397260273972603 0.412698412698413 0.479140283900666
0.277289377289377 0.472424557752341 0.109589041095891 0.295238095238095 0.315024271801178
0.578021978021978 0.534859521331946 0.109589041095891 0.450793650793651 0.52357100042548
0.529670329670329 0.43253555324315 0.109589041095891 0.463492063492064 0.467706457550269
0.546520146520146 0.631633714880333 0.109589041095891 0.571428571428571 0.526188465436864
0.345054945054945 0.643426985778703 0.109589041095891 0.425396825396825 0.409588959171018
0.321245421245421 0.682969129379119 0.109589041095891 0.336507936507937 0.411596862578772
0.532967032967033 0.547346514047867 0.109589041095891 0.415873015873016 0.495760534819079
0.389010989010989 0.468262226847034 0.109589041095891 0.393650793650794 0.380749806551041
0.576556776556776 0.48040235865418 0.109589041095891 0.384126984126984 0.510746463788684
0.357875457875458 0.482483524106833 0.109589041095891 0.263492063492063 0.365238926056826
0.465567765567765 0.562608394033992 0.109589041095891 0.406349206349206 0.455403876156811
0.473992673992674 0.329171002428026 0.109589041095891 0.285714285714286 0.407908766430177
0.050915750915751 0.428373222337842 0.109589041095891 0.298412698412698 0.20970241353629
0.191575091575091 0.230662504335761 0.109589041095891 0.266666666666667 0.191205026453197
0.215384615384615 0.138397502601457 0.109589041095891 0.336507936507937 0.187368572513405
0.00842490842490831 0.15227193895248 1 0.215873015873016 0.398076486999131
0.457875457875458 0.0527228581338883 1 0.279365079365079 0.533986913418898
0.273992673992674 0.10440513354145 1 0.336507936507937 0.450220025321732
0.0168498168498169 0.491155046826223 1 0.304761904761905 0.454681621781402
0.112087912087912 0.0443981963232742 1 0.406349206349206 0.401996052670364
0.262637362637363 0.0863683662851196 1 0.33015873015873 0.445111498720987
0.454945054945055 0.324661810613944 1 0.523809523809524 0.553284655805134
0.191941391941392 0.579604578563996 1 0.463492063492064 0.500526006600669
0.0483516483516482 0.608047173083593 1 0.326984126984127 0.486196243689659
0.303663003663004 0.648283038501561 1 0.457142857142857 0.551181502047204
0.457509157509157 0.520985084980923 1 0.380952380952381 0.586719628606784
0.465934065934066 0.544224765868887 1 0.336507936507937 0.595461768140934
0.143589743589744 0.547693374956642 1 0.257142857142857 0.482109711322869
0.755677655677655 0.508844953173777 1 0.612698412698413 0.753592081300476
0.434432234432234 0.909469302809573 1 0.580952380952381 0.673823181941763
0.597069597069597 0.845646895594866 1 0.698412698412698 0.730968785640574
0.501831501831502 0.812348248352411 1 0.561904761904762 0.675735690596525
0.356776556776557 0.877904960110996 1 0.634920634920635 0.634920634920763
0.447252747252747 0.664932362122789 1 0.596825396825397 0.613284876116377
0.365201465201465 0.72840790842872 1 0.596825396825397 0.594909269735507
0.527106227106227 0.64758931668401 1 0.549206349206349 0.647915356167457
0.557509157509158 0.68366285119667 1 0.393650793650794 0.671592561242528
0.364468864468864 0.676031911203607 1 0.447619047619048 0.580812491379785
0.366300366300366 0.568158168574402 1 0.574603174603175 0.55547343020001
0.253479853479854 0.651404786680541 1 0.59047619047619 0.535906890048535
0.562637362637363 0.559139784946237 1 0.558730158730159 0.648434241215331
0.358608058608059 0.75511619840444 0.73972602739726 0.774603174603175 0.538759055358088
0.61025641025641 0.734304543877905 0.73972602739726 0.577777777777778 0.660324756142259
0.417582417582417 0.88380159556018 0.73972602739726 0.622222222222222 0.604544577754932
0.525641025641026 0.718002081165453 0.73972602739726 0.79047619047619 0.608802723337984
0.725274725274725 0.850502948317725 0.73972602739726 0.990476190476191 0.756857390336444
0.769230769230769 0.828650711064863 0.73972602739726 0.873015873015873 0.778364699258455
0.463003663003663 0.893860561914672 0.73972602739726 0.679365079365079 0.628058422937996
0.833333333333333 0.806451612903226 0.575342465753425 0.780952380952381 0.793094773772904
0.616483516483516 0.740894901144641 0.575342465753425 0.857142857142857 0.640169146184296
0.265201465201465 0.901491501907735 0.575342465753425 0.787301587301587 0.523624051916449
0.466300366300366 0.871661463753035 0.575342465753425 0.949206349206349 0.595468275554711
0.696703296703297 0.583766909469303 0.575342465753425 0.80952380952381 0.655594392681182
0.613919413919414 0.612556364897676 0.575342465753425 0.996825396825397 0.607860836186802
0.844322344322344 0.836975372875477 0.575342465753425 0.828571428571429 0.807225663670278
0.758608058608058 0.9105098855359 0.931506849315068 0.765079365079365 0.822348591638808
0.680952380952381 0.881720430107527 0.931506849315068 0.898412698412698 0.771293229881585
0.841758241758242 0.891779396462019 0.931506849315068 0.803174603174603 0.867235825333762
0.703296703296703 0.906000693721818 0.931506849315068 0.93968253968254 0.789832920984836
0.631501831501831 0.969129379118973 0.931506849315068 0.949206349206349 0.768104740562782
0.881684981684982 0.894207422823448 0.931506849315068 0.885714285714286 0.892259298281066
0.815750915750916 0.916753381893861 0.876712328767123 0.606349206349206 0.848467808918897
0.876923076923077 0.927159209157128 0.876712328767123 0.558730158730159 0.888226013077378
0.767399267399267 0.77003121748179 0.684931506849315 0.615873015873016 0.755932499666959
0.826007326007326 0.83905653832813 0.684931506849315 0.555555555555556 0.808954600842296
0.46959706959707 0.9105098855359 1 0.615873015873016 0.688733765677898
1 0.914325355532431 1 0.476190476190476 0.981729291193927
0.37032967032967 0.810960804717308 1 0.53015873015873 0.619945798844364
0.529670329670329 0.960804717308359 0.465753424657534 0.453968253968254 0.642386098447919
0.330769230769231 0.936524453694069 0.465753424657534 0.552380952380952 0.543475980695372
0.433699633699634 0.691640652098509 0.465753424657534 0.733333333333333 0.506554217675287
0.16996336996337 0.688172043010753 0.465753424657534 0.593650793650794 0.394825542198812
0.395604395604396 0.442247658688866 0.465753424657534 0.634920634920635 0.417604363168545
0.191941391941392 0.560180367672563 0.465753424657534 0.580952380952381 0.354389871347626
0.33956043956044 0.267776621574748 0.465753424657534 0.752380952380952 0.348218100927397
0.547619047619048 0.469649670482137 0.465753424657534 0.523809523809524 0.519286481283111
0.194871794871795 0.236906000693722 0.465753424657534 0.571428571428571 0.263467844456307
0.476923076923077 0.512660423170309 0.465753424657534 0.688888888888889 0.483372373615218
0.369230769230769 0.74332292750607 0.465753424657534 0.53015873015873 0.490478194768533
0.645421245421245 0.0437044745057231 0.767123287671233 0.714285714285714 0.592773320700044
0.392307692307692 0.74020117932709 0.767123287671233 0.796825396825397 0.554532304737717
0.546886446886447 0.600069372181755 0.767123287671233 0.844444444444444 0.597424160350822
0.758608058608058 0.732570239334027 0.767123287671233 0.841269841269841 0.754258706256767
0.47032967032967 0.447103711411724 0.63013698630137 0.612698412698413 0.493422626601765
0.732234432234432 0.704474505723205 0.63013698630137 0.847619047619048 0.711364213394942
0.636630036630037 0.731876517516476 0.63013698630137 0.761904761904762 0.657885001209093
0.836263736263736 0.324314949705168 0.63013698630137 0.603174603174603 0.722377975273732
0.612454212454212 0.724245577523413 0.63013698630137 0.638095238095238 0.641449864941482
0.403296703296703 0.805064169268124 0.63013698630137 0.841269841269841 0.552958621449112
0.927472527472527 0.925078043704475 0.63013698630137 0.593650793650794 0.887821493534094
0.676190476190476 0.960110995490808 0.63013698630137 0.580952380952381 0.742006764171948
0.441758241758242 0.848074921956296 0.63013698630137 0.53968253968254 0.584640421867182
0.641391941391941 0.932708983697537 0.63013698630137 0.479365079365079 0.714440055210868
0.907692307692307 0.938258758237947 0.63013698630137 0.546031746031746 0.87802488735799
0.586446886446886 0.664585501214013 0.63013698630137 0.593650793650794 0.61126840339488
0.632234432234432 0.886576482830385 0.63013698630137 0.4 0.696129096240121
0.738827838827839 0.983003815469996 0.63013698630137 0.428571428571429 0.784775599265812
0.445054945054945 0.931668400971211 0.63013698630137 0.612698412698413 0.613578668306094
0.541391941391941 0.789455428373222 0.63013698630137 0.492063492063492 0.618001633296005
0.554212454212454 0.691293791189733 0.63013698630137 0.619047619047619 0.598856485379018
0.261172161172161 0.737773152965661 0.73972602739726 0.673015873015873 0.496735414375945
0.265567765567766 0.904613250086715 0.73972602739726 0.615873015873016 0.55559755339252
0.44981684981685 0.848074921956296 0.73972602739726 0.628571428571429 0.607713419270591
0.493040293040293 0.813041970169962 0.73972602739726 0.780952380952381 0.618043172521133
0.568864468864469 0.673950745750954 0.73972602739726 0.536507936507936 0.621864765332116
0.673260073260073 0.638570933055845 0.73972602739726 0.504761904761905 0.676483769767187
0.588644688644689 0.679500520291363 0.397260273972603 0.984126984126984 0.585672981892415
0.570695970695971 0.888657648283039 0.397260273972603 0.796825396825397 0.634347921174289
0.760805860805861 0.635102323968089 0.397260273972603 0.914285714285714 0.689598559033239
0.44981684981685 0.428373222337842 0.397260273972603 0.825396825396825 0.437439050819923
0.364835164835165 0.750953867499133 0.397260273972603 1 0.48166874433725
0.942857142857143 0.71661463753035 0.397260273972603 0.565079365079365 0.833070239476565
0.898534798534798 0.738466874783212 0.397260273972603 0.815873015873016 0.806188744851327
0.718681318681318 0.841137703780784 0.397260273972603 0.498412698412698 0.709706939116873
0.850915750915751 0.864030523759972 0.397260273972603 0.511111111111111 0.80138448038143
0.967032967032967 0.944155393687131 0.397260273972603 0.641269841269841 0.897960529532529
0.896336996336996 0.946236559139785 0.767123287671233 0.615873015873016 0.889250849057179
0.852014652014652 0.945889698231009 0.767123287671233 0.958730158730159 0.861462714810754
0.249084249084249 0.840790842872008 0.835616438356164 0.86984126984127 0.549494373607036
0.781684981684982 0.747832119320153 0.465753424657534 0.857142857142857 0.734291171627622
0.948717948717949 0.960804717308359 0.465753424657534 0.895238095238095 0.894670116337902
0.380952380952381 0.798473812001387 0.465753424657534 0.892063492063492 0.514630876506142
0.357509157509157 0.829344432882414 0.465753424657534 0.765079365079365 0.514881258611159
0.498168498168498 0.736038848421783 0.465753424657534 0.955555555555556 0.555152726279613
0.607326007326007 0.816857440166493 0.602739726027397 0.965079365079365 0.658690418617927
0.687912087912088 0.863683662851197 0.602739726027397 0.863492063492064 0.718734701100995
0.723076923076923 0.678459937565036 0.602739726027397 0.53968253968254 0.696115450306973
0.874358974358974 0.787721123829344 0.602739726027397 0.479365079365079 0.819272638477255
0.712820512820513 0.706208810267083 0.602739726027397 0.577777777777778 0.695586799210247
0.586813186813187 0.555671175858481 0.972602739726027 0.549206349206349 0.654768866177593
0.707692307692308 0.959070412764481 0.972602739726027 0.628571428571429 0.81336665501563
0.764835164835165 0.595213319458897 0.972602739726027 0.746031746031746 0.767712728699223
0.808791208791209 0.61775927852931 0.972602739726027 0.726984126984127 0.799197258926064
0.576190476190476 0.840097121054457 0.917808219178082 0.6 0.70196303790319
0.494505494505495 0.800554977454041 0.917808219178082 0.53015873015873 0.650911683491267
0.486813186813187 0.840443981963233 0.52054794520548 0.749206349206349 0.588060478098394
0.525641025641026 0.946236559139785 0.73972602739726 0.701587301587302 0.674162939717573
0.617216117216117 0.965313909122442 0.73972602739726 0.485714285714286 0.726673785840313
0.725641025641026 0.858827610128339 0.73972602739726 0.555555555555556 0.759148985469949
0.830769230769231 0.924384321886923 0.383561643835617 0.761904761904762 0.801997263575096
0.641025641025641 0.819285466527922 0.383561643835617 0.628571428571429 0.654173035562369
0.456776556776557 0.900450919181408 0.383561643835617 0.53968253968254 0.576325205655962
0.413553113553114 0.938258758237947 0.821917808219178 0.679365079365079 0.636364827807876
0.658608058608058 0.909469302809573 0.821917808219178 0.892063492063492 0.746775121485903
0.611355311355311 0.964273326396115 0.821917808219178 0.987301587301587 0.736737035960787
0.333333333333333 0.796392646548734 0.821917808219178 0.742857142857143 0.559579793486503
0.536630036630036 0.783211932015262 0.821917808219178 0.901587301587302 0.647484369800365
0.791575091575092 0.620187304890739 0.986301369863014 0.736507936507937 0.7913582098163
0.729304029304029 0.8210197710718 0.986301369863014 0.565079365079365 0.794271022112091
0.626373626373626 0.805064169268124 0.986301369863014 0.485714285714286 0.733345577296892
0.591575091575092 0.738813735691987 0.808219178082191 0.352380952380952 0.663095407854811
0.76996336996337 0.953173777315297 0.808219178082191 0.542857142857143 0.819630481818859
0.863003663003663 0.945195976413458 0.808219178082191 0.457142857142857 0.873813310000999
0.635897435897436 0.905653832813042 0.493150684931507 0.526984126984127 0.686631046953803
0.93040293040293 0.771071800208116 0.493150684931507 0.596825396825397 0.842839002541202
0.721245421245421 0.707943114810961 0.493150684931507 0.355555555555556 0.688137867220696
0.642857142857143 0.851196670135276 0.493150684931507 0.406349206349206 0.675212190795215
0.4 0.812348248352411 0.493150684931507 0.46984126984127 0.53208763619703
0.034065934065934 0.519250780437045 0.493150684931507 0.574603174603175 0.312301350538372
0.454945054945055 0.896288588276101 0.493150684931507 0.507936507936508 0.586671498387197
0.418681318681319 0.90426638917794 0.493150684931507 0.596825396825397 0.572297549120818
0.507692307692308 0.858133888310787 0.493150684931507 0.574603174603175 0.600989318956153
0.617948717948718 0.739160596600763 0.493150684931507 0.488888888888889 0.63001493834923
0.302197802197802 0.767950052029136 0.493150684931507 0.428571428571429 0.473963019950631
0.378754578754579 0.900104058272633 0.493150684931507 0.634920634920635 0.55311605416531
0.33040293040293 0.828303850156087 0.493150684931507 0.622222222222222 0.507028370065729
0.55018315018315 0.758931668400971 0.493150684931507 0.571428571428571 0.594902833693718
0.451648351648352 0.844259451959764 0.493150684931507 0.546031746031746 0.567732602605387
0.566300366300366 0.807492195629553 0.493150684931507 0.453968253968254 0.618033688825463
0.547985347985348 0.911203607353451 0.328767123287671 0.558730158730159 0.622760056803269
0.425274725274725 0.722858133888311 0.328767123287671 0.46984126984127 0.495106758767895
0.303296703296703 0.630246271245231 0.328767123287671 0.384126984126984 0.402292585425182
0.562271062271062 0.861255636489768 0.328767123287671 0.457142857142857 0.614990512353188
0.568131868131868 0.662157474852584 0.328767123287671 0.546031746031746 0.561604844130646
0.524542124542125 0.794658342004856 0.328767123287671 0.498412698412698 0.572888719957545
0.440659340659341 0.746791536593826 0.328767123287671 0.511111111111111 0.51111111111119
0.361904761904762 0.669788414845647 0.328767123287671 0.46031746031746 0.444511818441692
0.532234432234432 0.432882414151925 0.698630136986301 0.428571428571429 0.541759055440564
0.463003663003663 0.515782171349289 0.698630136986301 0.495238095238095 0.517433417371891
0.302564102564103 0.709330558446063 0.698630136986301 0.444444444444444 0.493156516244551
0.421611721611721 0.62712452306625 0.698630136986301 0.434920634920635 0.522409349818187
0.526007326007326 0.818938605619147 0.698630136986301 0.879365079365079 0.629339564444108
0.523809523809524 0.830385015608741 0.246575342465754 0.365079365079365 0.577311394194728
0.423809523809524 0.801595560180368 0.246575342465754 0.6 0.513421324166469
0.362271062271062 0.661463753035033 0.246575342465754 0.831746031746032 0.433659806957646
0.371794871794872 0.856399583766909 0.246575342465754 0.396825396825397 0.507698992492034
0.431868131868132 0.89247311827957 0.246575342465754 0.387301587301587 0.549458940311565
0.404761904761905 0.855359001040583 0.246575342465754 0.574603174603175 0.522866515169257
0.398534798534799 0.625043357613597 0.246575342465754 0.619047619047619 0.441572303261558
0.864835164835165 0.722858133888311 0.246575342465754 0.685714285714286 0.769958434042485
0.608058608058608 0.814082552896289 0.890410958904109 0.568253968253968 0.706597425168144
0.665201465201465 0.753381893860562 0.835616438356164 0.606349206349206 0.713664882726847
0.73040293040293 0.637530350329518 0.602739726027397 0.431746031746032 0.692351563479491
0.415384615384615 0.797086368366285 0.602739726027397 0.796825396825397 0.551323565903951
0.372893772893773 0.871661463753035 0.438356164383562 0.419047619047619 0.533132298729084
0.599267399267399 0.834547346514048 0.438356164383562 0.495238095238095 0.638748943529569
0.642857142857143 0.790842872008325 0.561643835616438 0.406349206349206 0.667164406009054
0.754212454212454 0.728754769337496 0.684931506849315 0.53015873015873 0.738388040972381
0.58974358974359 0.702393340270552 0.315068493150685 0.561904761904762 0.584663978072183
0.622344322344322 0.773499826569546 0.315068493150685 0.558730158730159 0.624286836371812
0.367765567765568 0.730835934790149 0.506849315068493 0.634920634920635 0.491890837098485
0.676923076923077 0.74644467568505 0.506849315068493 0.473015873015873 0.670228824017832
0.286813186813187 0.878251821019771 0.684931506849315 0.501587301587302 0.541932952529562
0.386813186813187 0.768643773846687 0 0.374603174603175 0.473377378370661
0.487912087912088 0.819632327436698 0 0.714285714285714 0.54526891750008
0.554945054945055 0.908775580992022 0.246575342465754 0.536507936507936 0.620007940639482
0.456776556776557 0.703433922996878 0.246575342465754 0.574603174603175 0.499156682752401
0.451282051282051 0.629205688518904 0.246575342465754 0.279365079365079 0.473493796022341
0.556043956043956 0.848074921956296 0.246575342465754 0.279365079365079 0.601357739998976
0.502197802197802 0.860908775580992 0.246575342465754 0.317460317460317 0.575157459202192
0.176556776556777 0.864377384668748 0.246575342465754 0.282539682539683 0.440201246315887
0.338095238095238 0.861255636489768 0.246575342465754 0.263492063492063 0.494596269396794
0.0304029304029305 0.878251821019771 0.246575342465754 0.257142857142857 0.424478064046419
0.00952380952380945 0.798473812001387 0.246575342465754 0.165079365079365 0.387464727892513
0.891208791208791 0.912591050988554 0.246575342465754 0.171428571428571 0.830859945392613
0.647985347985348 0.789455428373222 0.246575342465754 0.187301587301587 0.640101858442621
0.701098901098901 0.875476933749566 0.246575342465754 0.2 0.697280032893343
0.549450549450549 0.458203260492542 0.246575342465754 0.231746031746032 0.494607890654568
0.491941391941392 0.608394033992369 0.246575342465754 0.120634920634921 0.492458391680434
0.764835164835165 0.670482136663198 0.246575342465754 0.0698412698412698 0.688998297495628
0.60989010989011 0.629205688518904 0.246575342465754 0.174603174603175 0.574062177776821
0.24029304029304 0.798473812001387 0.246575342465754 0.0761904761904762 0.431525154295469
0.234432234432234 0.576482830385016 0.246575342465754 0.165079365079365 0.342182065825642
0.145421245421245 0.715227193895248 0.246575342465754 0.206349206349206 0.368089870854332
0.043956043956044 0.560874089490114 0.246575342465754 0.320634920634921 0.282804631885695
0 0.821713492889351 0.246575342465754 0.577777777777778 0.397975568556565
0.186813186813187 0.583073187651752 0.246575342465754 0.149206349206349 0.325913882722366
0.305128205128205 0.606312868539716 0.246575342465754 0.279365079365079 0.385686209248126
0.428937728937729 0.602497398543184 0.246575342465754 0.244444444444444 0.452352876383633
0.057142857142857 0.262573707943115 0.246575342465754 0.257142857142857 0.163049658544534
0.480952380952381 0.331945889698231 0.246575342465754 0.238095238095238 0.422414639623902
0.368864468864469 0.246964967048214 0.246575342465754 0.111111111111111 0.328558278152098
0.582783882783883 0.31321540062435 0.246575342465754 0 0.493526638203072
0.558608058608059 0.47173083593479 0.246575342465754 0.0412698412698413 0.50375144481536
0.317582417582418 0.33749566423864 0.246575342465754 0.019047619047619 0.312405637630677
0.20989010989011 0.250086715227194 0.246575342465754 0.0698412698412698 0.22517288117261
0.356043956043956 0.216788067984738 0.246575342465754 0.225396825396825 0.31471221602027
0.405494505494505 0.0062434963579604 0.246575342465754 0.104761904761905 0.335035407757834
0.535897435897436 0 0.246575342465754 0.111111111111111 0.434833045938065
0.558241758241758 0.0877558099202219 0.246575342465754 0 0.45396320145437
0.171794871794872 0.00659035726673596 0.246575342465754 0.219047619047619 0.166744368494955
0.238461538461538 0.345473465140479 0.246575342465754 0.726984126984127 0.26695024668668
0.294139194139194 0.475199445022546 0.246575342465754 0.387301587301587 0.336640920297422
0.266666666666667 0.417967395074575 0.246575342465754 0.714285714285714 0.303971161348703
0.26996336996337 0.177939646201873 0.246575342465754 0.317460317460317 0.248854887604862
0.722344322344322 0.542490461325009 0.246575342465754 0.387301587301587 0.633159583566647
0.321245421245421 0.50156087408949 0.246575342465754 0.40952380952381 0.359795206494878
0.650915750915751 0.47485258411377 0.246575342465754 0.358730158730159 0.569475397045241
0.100732600732601 0.396808879639265 0.246575342465754 0.0634920634920635 0.224573359947761
0.569230769230769 0.377731529656608 0.246575342465754 0.0698412698412698 0.493595723141149
0.696703296703297 0.00763093999306275 0.246575342465754 0.0793650793650794 0.559605558353588
0.155311355311355 0.0291363163371487 0.246575342465754 0.171428571428571 0.156864807198819
0.394505494505494 0.140131807145335 0.246575342465754 0.120634920634921 0.333275522540651
0.712087912087912 0.363857093305584 0.246575342465754 0.107936507936508 0.596606588990582
0.560805860805861 0.36420395421436 0.246575342465754 0.371428571428571 0.485244103001274
0.412454212454212 0.382934443288241 0.246575342465754 0.292063492063492 0.384936584990042
0.281318681318681 0.118973291710024 0.246575342465754 0.501587301587302 0.248961727950871
0.447985347985348 0.27159209157128 0.246575342465754 0.266666666666667 0.38887503801932
0.250915750915751 0.259105098855359 0.246575342465754 0.212698412698413 0.252090793761031
0.372161172161172 0.647936177592785 0.246575342465754 0.104761904761905 0.43439260746422
0.35054945054945 0.152965660770031 0.246575342465754 0.165079365079365 0.302330801318111
0.484249084249084 0.382587582379466 0.246575342465754 0.187301587301587 0.43406714165255
0.480952380952381 0.718002081165453 0.246575342465754 0.19047619047619 0.517608993444829
0.549450549450549 0.332639611515782 0.246575342465754 0.142857142857143 0.471926563932678
0.537728937728938 0.372181755116198 0.246575342465754 0.301587301587302 0.469990303371995
0.715384615384615 0.0610475199445022 0.246575342465754 0.288888888888889 0.574874045490679
0.565934065934066 0.174124176205342 0.246575342465754 0.352380952380952 0.465283415217124
0.56996336996337 0.144640998959417 0.246575342465754 0.295238095238095 0.466131601482783
0.486446886446886 0.353451266042317 0.246575342465754 0.212698412698413 0.430133960426264
0.64065934065934 0.279916753381894 0.246575342465754 0.266666666666667 0.532474349562833
0.579120879120879 0.547693374956642 0.246575342465754 0.146031746031746 0.53429319740643
0.465934065934066 0.524106833159903 0.246575342465754 0.117460317460317 0.453705748523225
0.386446886446886 0.579604578563996 0.246575342465754 0.107936507936508 0.420669157992584
0.273626373626374 0.260839403399237 0.246575342465754 0.247619047619048 0.266843355329359
0.343589743589743 0.473465140478668 0.246575342465754 0.174603174603175 0.364284682859217
0.558974358974359 0.222684703433923 0.246575342465754 0.384126984126984 0.464588203553026
0.490476190476191 0.524453694068678 0.246575342465754 0.425396825396825 0.469703420671201
0.587912087912088 0.565036420395421 0.246575342465754 0.33015873015873 0.544197962857538
0.356776556776557 0.322233784252515 0.246575342465754 0.184126984126984 0.334542121821273
0.578388278388278 0.233437391605966 0.246575342465754 0.215873015873016 0.480360242925774
0.535164835164835 0.45681581685744 0.246575342465754 0.314285714285714 0.48441529532103
0.502197802197802 0.385709330558446 0.246575342465754 0.241269841269841 0.447242884786765
0.478021978021978 0.651404786680541 0.246575342465754 0.288888888888889 0.496010602416552
0.563003663003663 0.506070065903573 0.246575342465754 0.253968253968254 0.514066243464568
0.684615384615384 0.542490461325009 0.246575342465754 0.266666666666667 0.606353540524769
0.65018315018315 0.261533125216788 0.246575342465754 0.323809523809524 0.537611871168019
0.519047619047619 0.442594519597641 0.246575342465754 0.352380952380952 0.47031820002859
0.92051282051282 0.151231356226153 0.246575342465754 0.406349206349206 0.738071772603409
0.676923076923077 0.275060700659036 0.246575342465754 0.314285714285714 0.55932219681814
0.602564102564103 0.301768990634755 0.246575342465754 0.288888888888889 0.506646214708867
0.401465201465201 0.391605966007631 0.246575342465754 0.244444444444444 0.379553010408425
0.386813186813187 0.493236212278876 0.246575342465754 0.26984126984127 0.39583303208082
0.520512820512821 0.414845646895595 0.246575342465754 0.314285714285714 0.465725165354011
0.43992673992674 0.243496357960458 0.246575342465754 0.476190476190476 0.378880142356653
0.667032967032967 0.236906000693722 0.246575342465754 0.361904761904762 0.547913386401606
0.547985347985348 0.451612903225806 0.246575342465754 0.403174603174603 0.492246659292546
0.526373626373626 0.49843912591051 0.246575342465754 0.46031746031746 0.487436851040828
0.598168498168498 0.439819632327437 0.246575342465754 0.482539682539683 0.525345633325371
0.486813186813187 0.398890045091918 0.246575342465754 0.520634920634921 0.439073288648429
0.321978021978022 0.463753035032952 0.246575342465754 0.473015873015873 0.348841489213799
0.392673992673993 0.45369406867846 0.246575342465754 0.444444444444444 0.388943490616221
0.411355311355311 0.469649670482137 0.246575342465754 0.447619047619048 0.404884161914775
0.383150183150183 0.488033298647243 0.246575342465754 0.447619047619048 0.392162353487984
0.305128205128205 0.419701699618453 0.246575342465754 0.479365079365079 0.326320041306195
0.471428571428571 0.439819632327437 0.246575342465754 0.473015873015873 0.437191257473744
0.494139194139194 0.409295872355185 0.246575342465754 0.463492063492064 0.446251275167243
0.57032967032967 0.481096080471731 0.246575342465754 0.577777777777778 0.513827266132758
0.769230769230769 0.505723204994797 0.246575342465754 0.787301587301587 0.660421944255071
0.2003663003663 0.558792924037461 0.246575342465754 0.279365079365079 0.321533427019181
0.46959706959707 0.499132847728061 0.246575342465754 0.263492063492063 0.449835921392973
0.587545787545787 0.560527228581339 0.246575342465754 0.371428571428571 0.542919371585123
0.155311355311355 0.583420048560527 0.246575342465754 0.222222222222222 0.315536310111303
0.478021978021978 0.711758584807492 0.246575342465754 0.304761904761905 0.513993555622078
0.494139194139194 0.610128338536247 0.246575342465754 0.520634920634921 0.494305914229095
0.498901098901099 0.578563995837669 0.246575342465754 0.571428571428571 0.488891633575751
0.684981684981685 0.473812001387444 0.246575342465754 0.593650793650794 0.593775724029183
0.798901098901099 0.329171002428026 0.246575342465754 0.634920634920635 0.657828628748427
0.323076923076923 0.439819632327437 0.246575342465754 0.533333333333333 0.342578302695081
0.363003663003663 0.556711758584807 0.246575342465754 0.495238095238095 0.400277788264868
0.524542124542125 0.503642039542144 0.246575342465754 0.514285714285714 0.487381711628782
0.452014652014652 0.622268470343392 0.246575342465754 0.447619047619048 0.471904605518624
0.375457875457876 0.570586194935831 0.246575342465754 0.495238095238095 0.411621060044612
0.21025641025641 0.664238640305238 0.246575342465754 0.323809523809524 0.366601186846724
0.195604395604395 0.439472771418661 0.246575342465754 0.0634920634920635 0.27551295024377
0.078021978021978 0.232743669788415 0.246575342465754 0.0984126984126984 0.158397481327526
0.404029304029304 0.42074228234478 0.246575342465754 0.273015873015873 0.388044505636378
0.404029304029304 0.204647936177593 0.246575342465754 0.479365079365079 0.34748169866239
0.302930402930403 0.443288241415192 0.246575342465754 0.533333333333333 0.331876411795208
0.383150183150183 0.613943808532778 0.246575342465754 0.619047619047619 0.429444603057719
0.289377289377289 0.696149843912591 0.246575342465754 0.574603174603175 0.410760588569348
0.186813186813187 0.800208116545265 0.246575342465754 0.466666666666667 0.415365820144859
0.334798534798535 0.825528962885883 0.26027397260274 0.422222222222222 0.480621772885708
0.417216117216117 0.70724939299341 0.26027397260274 0.514285714285714 0.479341305297542
0.252380952380952 0.60596600763094 0.26027397260274 0.396825396825397 0.362379038361975
0.42014652014652 0.701699618453 0.26027397260274 0.374603174603175 0.479142736892019
0.627472527472527 0.549080818591745 0.26027397260274 0.552380952380952 0.568671219914902
0.454212454212454 0.671522719389525 0.383561643835617 0.495238095238095 0.501240343106227
0.767765567765568 0.442247658688866 0.383561643835617 0.6 0.65931511866205
0.701098901098901 0.237252861602497 0.383561643835617 0.53968253968254 0.585364034827653
0.421245421245421 0.0391952826916406 0.383561643835617 0.219047619047619 0.366009740992239
0.620879120879121 0.44190079778009 0.383561643835617 0.603174603174603 0.554035477110762
0.564468864468864 0.605619146722164 0.383561643835617 0.526984126984127 0.550420536133878
0.844322344322344 0.652098508498092 0.383561643835617 0.942857142857143 0.75009694181111
0.775824175824176 0.59729448491155 0.383561643835617 0.901587301587302 0.69142247048024
0.83040293040293 0.458203260492542 0.136986301369863 0.990476190476191 0.693433719483981
0.567765567765568 0.335414498785987 0.136986301369863 0.752380952380952 0.47904880494832
0.414652014652014 0.579604578563996 0.136986301369863 0.568253968253968 0.429722754349066
0.473260073260073 0.620534165799514 0.136986301369863 0.701587301587302 0.477575863771085
0.275091575091575 0.544918487686438 0.136986301369863 0.365079365079365 0.340290697188595
0.411721611721612 0.571626777662158 0.917808219178082 0.441269841269841 0.554417302762958
0.548351648351648 0.733263961151578 0.575342465753425 0.317460317460317 0.598044797308177
0.413553113553114 0.753728754769337 0.575342465753425 0.441269841269841 0.532179646541922
0.36959706959707 0.873048907388137 0.452054794520548 0.53015873015873 0.533949618555226
0.391575091575092 0.843912591050989 0.452054794520548 0.488888888888889 0.533413017439029
0.445421245421245 0.795352063822407 0.452054794520548 0.419047619047619 0.543291716507405
0.349450549450549 0.895941727367326 0.931506849315068 0.473015873015873 0.621826334625579
0.386446886446886 0.751647589316684 0.931506849315068 0.574603174603175 0.592642418927572
0.406593406593407 0.928893513701006 0.931506849315068 0.396825396825397 0.653440774201532
0.210989010989011 0.966701352757544 0.931506849315068 0.482539682539683 0.605964477322192
0.31025641025641 0.88380159556018 0.931506849315068 0.419047619047619 0.604742537477029
0.252747252747253 0.887963926465487 0.931506849315068 0.273015873015873 0.589130926465
0.397435897435897 0.637530350329518 0.931506849315068 0.463492063492064 0.567114694620244
